3.350E+02	8.500E+01	2.065E+01	4.612E+03	6.043E+03	2.763E+01	1.613E+01	1.713E+00	8.100E-01	5.800E-01	5.800E-01	4.600E-01	1.581E+02	1.226E+02	7.608E+01	3.390E+01	1.318E+02	1.581E+02	1.000E-01	1.300E-01	2.500E-01	1.000E-01	2.200E-01	1.000E-01
2.530E+02	7.900E+01	1.795E+01	3.027E+03	4.241E+03	2.904E+01	1.151E+01	2.523E+00	9.200E-01	5.100E-01	4.000E-01	3.100E-01	1.502E+02	1.241E+02	8.592E+01	3.568E+01	1.098E+02	1.503E+02	1.200E-01	1.700E-01	2.200E-01	1.500E-01	2.000E-01	1.200E-01
2.290E+02	7.400E+01	1.708E+01	2.607E+03	3.596E+03	2.788E+01	1.070E+01	2.606E+00	9.200E-01	5.300E-01	3.800E-01	3.200E-01	1.546E+02	1.315E+02	9.714E+01	3.569E+01	9.399E+01	1.546E+02	1.000E-01	1.000E-01	1.300E-01	1.000E-01	1.700E-01	1.000E-01
3.140E+02	8.400E+01	1.999E+01	4.186E+03	5.597E+03	2.410E+01	1.990E+01	1.211E+00	5.600E-01	5.600E-01	8.300E-01	7.100E-01	1.627E+02	1.297E+02	8.213E+01	3.534E+01	1.274E+02	1.627E+02	1.200E-01	1.700E-01	2.900E-01	9.000E-02	2.300E-01	1.200E-01
2.330E+02	7.400E+01	1.722E+01	2.675E+03	3.659E+03	2.811E+01	1.088E+01	2.584E+00	9.200E-01	5.300E-01	3.900E-01	3.400E-01	1.515E+02	1.208E+02	7.851E+01	3.487E+01	1.225E+02	1.515E+02	9.000E-02	1.200E-01	2.500E-01	1.200E-01	2.400E-01	9.000E-02
3.260E+02	8.800E+01	2.037E+01	4.428E+03	6.088E+03	2.516E+01	2.031E+01	1.239E+00	5.900E-01	5.300E-01	8.100E-01	7.100E-01	1.743E+02	1.454E+02	9.953E+01	3.635E+01	1.101E+02	1.743E+02	1.500E-01	1.700E-01	2.400E-01	7.000E-02	2.200E-01	1.500E-01
2.720E+02	8.400E+01	1.861E+01	3.375E+03	4.849E+03	2.252E+01	1.921E+01	1.172E+00	5.200E-01	4.800E-01	8.500E-01	6.700E-01	1.587E+02	1.327E+02	8.811E+01	3.735E+01	1.149E+02	1.587E+02	1.300E-01	1.700E-01	2.700E-01	9.000E-02	2.300E-01	1.300E-01
3.110E+02	8.600E+01	1.990E+01	4.126E+03	5.676E+03	2.382E+01	2.130E+01	1.118E+00	4.500E-01	5.300E-01	8.900E-01	7.800E-01	1.718E+02	1.412E+02	9.293E+01	3.628E+01	1.175E+02	1.718E+02	1.400E-01	1.600E-01	2.500E-01	7.000E-02	2.000E-01	1.400E-01
2.790E+02	8.900E+01	1.885E+01	3.506E+03	5.269E+03	2.802E+01	1.658E+01	1.690E+00	8.100E-01	4.400E-01	5.900E-01	3.900E-01	1.575E+02	1.248E+02	7.718E+01	3.542E+01	1.290E+02	1.575E+02	1.100E-01	1.100E-01	2.000E-01	9.000E-02	1.900E-01	1.100E-01
2.040E+02	7.400E+01	1.612E+01	2.192E+03	3.203E+03	2.544E+01	1.389E+01	1.832E+00	8.400E-01	4.700E-01	5.500E-01	3.900E-01	1.587E+02	1.237E+02	7.326E+01	3.514E+01	1.373E+02	1.587E+02	1.200E-01	1.500E-01	2.900E-01	8.000E-02	2.200E-01	1.200E-01
3.190E+02	8.200E+01	2.015E+01	4.286E+03	5.551E+03	2.770E+01	1.520E+01	1.822E+00	8.400E-01	6.000E-01	5.500E-01	4.600E-01	1.699E+02	1.386E+02	8.792E+01	3.676E+01	1.241E+02	1.699E+02	1.400E-01	1.800E-01	2.900E-01	7.000E-02	2.300E-01	1.400E-01
1.810E+02	7.600E+01	1.518E+01	1.832E+03	2.919E+03	2.370E+01	1.585E+01	1.495E+00	7.400E-01	3.900E-01	6.700E-01	4.800E-01	1.665E+02	1.310E+02	8.209E+01	3.471E+01	1.301E+02	1.665E+02	1.300E-01	1.600E-01	2.800E-01	1.100E-01	2.300E-01	1.300E-01
3.060E+02	9.200E+01	1.974E+01	4.027E+03	5.974E+03	2.767E+01	1.846E+01	1.499E+00	7.400E-01	4.500E-01	6.700E-01	5.200E-01	1.726E+02	1.367E+02	8.504E+01	3.523E+01	1.297E+02	1.726E+02	1.200E-01	1.500E-01	2.800E-01	9.000E-02	2.300E-01	1.200E-01
2.760E+02	7.900E+01	1.875E+01	3.449E+03	4.627E+03	2.726E+01	1.442E+01	1.890E+00	8.500E-01	5.600E-01	5.300E-01	4.200E-01	1.612E+02	1.320E+02	8.844E+01	3.565E+01	1.160E+02	1.612E+02	1.400E-01	1.700E-01	2.600E-01	1.000E-01	2.100E-01	1.400E-01
3.950E+02	9.500E+01	2.243E+01	5.906E+03	7.963E+03	2.722E+01	2.012E+01	1.353E+00	6.700E-01	5.500E-01	7.400E-01	5.700E-01	1.693E+02	1.360E+02	8.901E+01	3.508E+01	1.212E+02	1.693E+02	1.300E-01	1.600E-01	2.300E-01	1.100E-01	1.800E-01	1.300E-01
2.390E+02	7.600E+01	1.744E+01	2.779E+03	3.855E+03	2.556E+01	1.225E+01	2.087E+00	8.800E-01	5.200E-01	4.800E-01	3.400E-01	1.716E+02	1.358E+02	8.050E+01	3.600E+01	1.351E+02	1.716E+02	1.300E-01	1.500E-01	1.900E-01	7.000E-02	1.000E-01	1.300E-01
2.670E+02	7.800E+01	1.844E+01	3.282E+03	4.419E+03	2.880E+01	1.276E+01	2.257E+00	9.000E-01	5.500E-01	4.400E-01	3.900E-01	1.701E+02	1.483E+02	1.090E+02	3.808E+01	9.162E+01	1.701E+02	1.300E-01	1.400E-01	1.800E-01	9.000E-02	1.500E-01	1.300E-01
2.570E+02	7.800E+01	1.809E+01	3.099E+03	4.254E+03	2.624E+01	1.472E+01	1.783E+00	8.300E-01	5.300E-01	5.600E-01	4.800E-01	1.693E+02	1.349E+02	8.423E+01	3.503E+01	1.288E+02	1.693E+02	1.600E-01	1.900E-01	2.800E-01	8.000E-02	2.000E-01	1.600E-01
2.470E+02	8.100E+01	1.773E+01	2.920E+03	4.246E+03	2.923E+01	1.088E+01	2.687E+00	9.300E-01	4.700E-01	3.700E-01	3.000E-01	1.586E+02	1.272E+02	8.825E+01	3.297E+01	1.118E+02	1.586E+02	1.100E-01	1.100E-01	1.400E-01	1.100E-01	1.800E-01	1.100E-01
2.470E+02	8.100E+01	1.773E+01	2.920E+03	4.246E+03	2.372E+01	1.881E+01	1.261E+00	6.100E-01	4.700E-01	7.900E-01	6.300E-01	1.546E+02	1.249E+02	8.185E+01	3.506E+01	1.212E+02	1.546E+02	1.300E-01	1.700E-01	2.600E-01	1.000E-01	2.000E-01	1.300E-01
3.280E+02	8.900E+01	2.044E+01	4.469E+03	6.195E+03	2.380E+01	2.034E+01	1.170E+00	5.200E-01	5.200E-01	8.500E-01	7.800E-01	1.695E+02	1.324E+02	7.565E+01	3.589E+01	1.416E+02	1.695E+02	1.400E-01	1.700E-01	3.000E-01	8.000E-02	1.900E-01	1.400E-01
3.120E+02	8.400E+01	1.993E+01	4.146E+03	5.562E+03	2.960E+01	1.362E+01	2.173E+00	8.900E-01	5.600E-01	4.600E-01	3.800E-01	1.583E+02	1.153E+02	5.942E+01	3.379E+01	1.588E+02	1.583E+02	1.400E-01	1.900E-01	3.900E-01	1.100E-01	2.300E-01	1.400E-01
2.460E+02	8.200E+01	1.770E+01	2.902E+03	4.281E+03	2.736E+01	1.496E+01	1.829E+00	8.400E-01	4.600E-01	5.500E-01	3.900E-01	1.617E+02	1.350E+02	9.522E+01	3.563E+01	1.039E+02	1.617E+02	1.200E-01	1.100E-01	1.400E-01	8.000E-02	1.500E-01	1.200E-01
2.850E+02	8.700E+01	1.905E+01	3.619E+03	5.262E+03	2.535E+01	1.869E+01	1.356E+00	6.800E-01	4.700E-01	7.400E-01	5.500E-01	1.617E+02	1.305E+02	8.456E+01	3.552E+01	1.231E+02	1.617E+02	1.500E-01	2.000E-01	2.900E-01	1.000E-01	2.200E-01	1.500E-01
3.490E+02	8.800E+01	2.108E+01	4.905E+03	6.517E+03	2.909E+01	1.716E+01	1.695E+00	8.100E-01	5.700E-01	5.900E-01	4.700E-01	1.669E+02	1.269E+02	7.530E+01	3.345E+01	1.411E+02	1.669E+02	1.400E-01	1.900E-01	3.400E-01	8.000E-02	2.100E-01	1.400E-01
2.450E+02	8.200E+01	1.766E+01	2.885E+03	4.263E+03	2.581E+01	1.628E+01	1.585E+00	7.800E-01	4.600E-01	6.300E-01	5.100E-01	1.683E+02	1.390E+02	9.915E+01	3.405E+01	1.046E+02	1.683E+02	1.400E-01	1.500E-01	1.700E-01	9.000E-02	1.200E-01	1.400E-01
3.610E+02	8.800E+01	2.144E+01	5.160E+03	6.741E+03	2.497E+01	2.145E+01	1.164E+00	5.100E-01	5.900E-01	8.600E-01	7.200E-01	1.747E+02	1.416E+02	9.351E+01	3.570E+01	1.181E+02	1.747E+02	1.500E-01	1.700E-01	2.400E-01	1.200E-01	2.300E-01	1.500E-01
3.210E+02	8.500E+01	2.022E+01	4.326E+03	5.790E+03	2.839E+01	1.484E+01	1.913E+00	8.500E-01	5.600E-01	5.200E-01	4.100E-01	1.579E+02	1.262E+02	7.551E+01	3.661E+01	1.328E+02	1.579E+02	1.300E-01	1.600E-01	2.900E-01	8.000E-02	2.300E-01	1.300E-01
3.070E+02	8.300E+01	1.977E+01	4.046E+03	5.407E+03	2.629E+01	1.699E+01	1.547E+00	7.600E-01	5.600E-01	6.500E-01	5.000E-01	1.665E+02	1.309E+02	8.015E+01	3.509E+01	1.333E+02	1.665E+02	1.400E-01	1.800E-01	3.100E-01	7.000E-02	2.100E-01	1.400E-01
3.030E+02	8.200E+01	1.964E+01	3.968E+03	5.272E+03	2.565E+01	1.715E+01	1.496E+00	7.400E-01	5.700E-01	6.700E-01	5.100E-01	1.598E+02	1.208E+02	6.861E+01	3.408E+01	1.453E+02	1.598E+02	1.300E-01	1.600E-01	2.900E-01	9.000E-02	2.000E-01	1.300E-01
1.530E+02	7.400E+01	1.396E+01	1.424E+03	2.403E+03	2.487E+01	1.529E+01	1.627E+00	7.900E-01	3.500E-01	6.100E-01	3.700E-01	1.576E+02	1.379E+02	9.856E+01	3.975E+01	9.444E+01	1.576E+02	1.300E-01	1.200E-01	1.300E-01	1.000E-01	1.700E-01	1.300E-01
2.420E+02	8.600E+01	1.755E+01	2.832E+03	4.416E+03	2.785E+01	1.744E+01	1.597E+00	7.800E-01	4.100E-01	6.300E-01	4.600E-01	1.653E+02	1.403E+02	9.856E+01	3.710E+01	1.022E+02	1.653E+02	1.200E-01	1.200E-01	1.500E-01	8.000E-02	1.600E-01	1.200E-01
3.210E+02	8.800E+01	2.022E+01	4.326E+03	5.994E+03	2.916E+01	1.731E+01	1.685E+00	8.000E-01	5.200E-01	5.900E-01	4.800E-01	1.574E+02	1.250E+02	8.117E+01	3.433E+01	1.228E+02	1.574E+02	1.200E-01	1.400E-01	2.200E-01	8.000E-02	2.100E-01	1.200E-01
2.920E+02	7.800E+01	1.928E+01	3.754E+03	4.833E+03	2.680E+01	1.465E+01	1.829E+00	8.400E-01	6.000E-01	5.500E-01	4.400E-01	1.621E+02	1.315E+02	8.416E+01	3.599E+01	1.245E+02	1.621E+02	1.300E-01	1.900E-01	2.900E-01	8.000E-02	2.000E-01	1.300E-01
3.290E+02	8.200E+01	2.047E+01	4.489E+03	5.725E+03	2.808E+01	1.512E+01	1.857E+00	8.400E-01	6.100E-01	5.400E-01	4.700E-01	1.708E+02	1.373E+02	8.682E+01	3.582E+01	1.258E+02	1.708E+02	1.400E-01	1.600E-01	2.400E-01	9.000E-02	1.700E-01	1.400E-01
2.720E+02	8.600E+01	1.861E+01	3.375E+03	4.964E+03	2.214E+01	2.191E+01	1.010E+00	1.400E-01	4.600E-01	9.900E-01	7.700E-01	1.478E+02	1.211E+02	8.629E+01	3.369E+01	1.059E+02	1.478E+02	1.000E-01	1.200E-01	1.800E-01	9.000E-02	1.900E-01	1.000E-01
1.980E+02	6.900E+01	1.588E+01	2.096E+03	2.899E+03	2.514E+01	1.047E+01	2.401E+00	9.100E-01	5.200E-01	4.200E-01	3.400E-01	1.666E+02	1.340E+02	8.872E+01	3.486E+01	1.181E+02	1.666E+02	1.100E-01	1.100E-01	1.900E-01	9.000E-02	2.000E-01	1.100E-01
3.390E+02	8.200E+01	2.078E+01	4.695E+03	5.899E+03	2.862E+01	1.531E+01	1.869E+00	8.400E-01	6.300E-01	5.300E-01	4.800E-01	1.752E+02	1.472E+02	1.038E+02	3.623E+01	1.036E+02	1.752E+02	1.300E-01	1.400E-01	1.700E-01	8.000E-02	1.600E-01	1.300E-01
2.520E+02	8.400E+01	1.791E+01	3.009E+03	4.492E+03	2.429E+01	1.941E+01	1.251E+00	6.000E-01	4.500E-01	8.000E-01	6.200E-01	1.674E+02	1.388E+02	9.578E+01	3.590E+01	1.080E+02	1.674E+02	1.200E-01	1.200E-01	1.800E-01	1.000E-01	2.200E-01	1.200E-01
3.770E+02	9.000E+01	2.191E+01	5.507E+03	7.200E+03	3.076E+01	1.573E+01	1.955E+00	8.600E-01	5.800E-01	5.100E-01	4.200E-01	1.685E+02	1.351E+02	8.558E+01	3.555E+01	1.273E+02	1.685E+02	1.400E-01	2.000E-01	3.100E-01	1.000E-01	2.100E-01	1.400E-01
2.310E+02	8.100E+01	1.715E+01	2.641E+03	3.971E+03	2.656E+01	1.513E+01	1.755E+00	8.200E-01	4.400E-01	5.700E-01	4.000E-01	1.588E+02	1.284E+02	8.528E+01	3.517E+01	1.175E+02	1.588E+02	1.400E-01	1.500E-01	2.300E-01	1.300E-01	2.400E-01	1.400E-01
3.590E+02	9.300E+01	2.138E+01	5.117E+03	7.085E+03	2.411E+01	2.372E+01	1.016E+00	1.800E-01	5.200E-01	9.800E-01	8.400E-01	1.650E+02	1.368E+02	9.385E+01	3.586E+01	1.103E+02	1.650E+02	1.400E-01	1.600E-01	2.100E-01	1.000E-01	1.700E-01	1.400E-01
2.960E+02	8.600E+01	1.941E+01	3.831E+03	5.402E+03	2.888E+01	1.572E+01	1.837E+00	8.400E-01	5.000E-01	5.400E-01	4.100E-01	1.683E+02	1.378E+02	9.104E+01	3.609E+01	1.170E+02	1.683E+02	1.400E-01	1.500E-01	2.000E-01	1.000E-01	1.600E-01	1.400E-01
2.440E+02	7.700E+01	1.763E+01	2.867E+03	3.987E+03	2.836E+01	1.172E+01	2.420E+00	9.100E-01	5.200E-01	4.100E-01	3.500E-01	1.567E+02	1.282E+02	8.633E+01	3.556E+01	1.144E+02	1.567E+02	1.100E-01	1.300E-01	2.200E-01	1.000E-01	2.300E-01	1.100E-01
3.090E+02	8.900E+01	1.984E+01	4.086E+03	5.836E+03	2.621E+01	1.968E+01	1.332E+00	6.600E-01	4.900E-01	7.500E-01	6.100E-01	1.697E+02	1.366E+02	9.027E+01	3.442E+01	1.207E+02	1.697E+02	1.400E-01	1.900E-01	2.900E-01	9.000E-02	2.100E-01	1.400E-01
2.650E+02	8.900E+01	1.837E+01	3.245E+03	5.005E+03	2.867E+01	1.666E+01	1.721E+00	8.100E-01	4.200E-01	5.800E-01	3.900E-01	1.516E+02	1.222E+02	8.164E+01	3.518E+01	1.179E+02	1.516E+02	1.200E-01	1.600E-01	2.800E-01	1.500E-01	2.700E-01	1.200E-01
3.750E+02	8.800E+01	2.185E+01	5.463E+03	7.003E+03	2.618E+01	2.042E+01	1.282E+00	6.300E-01	6.100E-01	7.800E-01	6.500E-01	1.777E+02	1.442E+02	9.465E+01	3.530E+01	1.209E+02	1.777E+02	1.500E-01	2.000E-01	2.900E-01	8.000E-02	1.900E-01	1.500E-01
2.620E+02	9.000E+01	1.826E+01	3.190E+03	5.004E+03	2.677E+01	2.036E+01	1.315E+00	6.500E-01	4.100E-01	7.600E-01	5.400E-01	1.590E+02	1.323E+02	9.334E+01	3.553E+01	1.046E+02	1.590E+02	1.000E-01	1.100E-01	1.700E-01	8.000E-02	2.100E-01	1.000E-01
3.650E+02	8.800E+01	2.156E+01	5.246E+03	6.816E+03	3.056E+01	1.533E+01	1.993E+00	8.700E-01	5.900E-01	5.000E-01	4.100E-01	1.667E+02	1.397E+02	9.806E+01	3.613E+01	1.051E+02	1.667E+02	1.300E-01	1.400E-01	2.000E-01	9.000E-02	1.900E-01	1.300E-01
3.830E+02	9.300E+01	2.208E+01	5.638E+03	7.559E+03	2.948E+01	1.667E+01	1.768E+00	8.200E-01	5.600E-01	5.700E-01	4.200E-01	1.672E+02	1.315E+02	8.207E+01	3.482E+01	1.322E+02	1.672E+02	1.600E-01	2.300E-01	3.700E-01	1.200E-01	2.400E-01	1.600E-01
2.360E+02	8.100E+01	1.733E+01	2.727E+03	4.057E+03	3.132E+01	1.079E+01	2.903E+00	9.400E-01	4.500E-01	3.400E-01	2.600E-01	1.645E+02	1.388E+02	9.474E+01	3.742E+01	1.084E+02	1.645E+02	1.300E-01	1.500E-01	1.900E-01	8.000E-02	1.300E-01	1.300E-01
2.870E+02	7.900E+01	1.912E+01	3.658E+03	4.811E+03	2.987E+01	1.272E+01	2.348E+00	9.000E-01	5.800E-01	4.300E-01	3.700E-01	1.666E+02	1.374E+02	9.170E+01	3.611E+01	1.148E+02	1.666E+02	1.400E-01	1.600E-01	2.100E-01	8.000E-02	1.600E-01	1.400E-01
2.390E+02	7.400E+01	1.744E+01	2.779E+03	3.753E+03	2.605E+01	1.268E+01	2.054E+00	8.700E-01	5.500E-01	4.900E-01	3.700E-01	1.584E+02	1.324E+02	9.386E+01	3.534E+01	1.045E+02	1.584E+02	1.400E-01	1.600E-01	2.100E-01	9.000E-02	1.400E-01	1.400E-01
2.230E+02	8.000E+01	1.685E+01	2.505E+03	3.786E+03	2.514E+01	1.659E+01	1.515E+00	7.500E-01	4.400E-01	6.600E-01	5.000E-01	1.716E+02	1.439E+02	1.028E+02	3.605E+01	1.007E+02	1.716E+02	1.400E-01	1.400E-01	1.800E-01	1.300E-01	2.500E-01	1.400E-01
2.790E+02	7.900E+01	1.885E+01	3.506E+03	4.677E+03	2.986E+01	1.209E+01	2.470E+00	9.100E-01	5.600E-01	4.000E-01	3.500E-01	1.604E+02	1.273E+02	8.350E+01	3.382E+01	1.224E+02	1.604E+02	1.400E-01	1.700E-01	2.300E-01	1.000E-01	1.700E-01	1.400E-01
3.010E+02	8.400E+01	1.958E+01	3.928E+03	5.365E+03	2.413E+01	1.984E+01	1.216E+00	5.700E-01	5.400E-01	8.200E-01	7.100E-01	1.741E+02	1.417E+02	9.636E+01	3.487E+01	1.140E+02	1.741E+02	1.600E-01	1.800E-01	2.600E-01	1.000E-01	2.300E-01	1.600E-01
2.850E+02	8.500E+01	1.905E+01	3.619E+03	5.141E+03	3.072E+01	1.315E+01	2.336E+00	9.000E-01	5.000E-01	4.300E-01	3.200E-01	1.706E+02	1.434E+02	1.038E+02	3.568E+01	9.831E+01	1.706E+02	1.200E-01	1.100E-01	1.400E-01	1.200E-01	2.200E-01	1.200E-01
3.300E+02	9.200E+01	2.050E+01	4.510E+03	6.443E+03	2.991E+01	1.681E+01	1.779E+00	8.300E-01	4.900E-01	5.600E-01	4.400E-01	1.610E+02	1.298E+02	8.606E+01	3.482E+01	1.185E+02	1.610E+02	1.200E-01	1.500E-01	2.300E-01	1.100E-01	2.100E-01	1.200E-01
3.660E+02	9.600E+01	2.159E+01	5.267E+03	7.456E+03	2.569E+01	2.349E+01	1.094E+00	4.000E-01	5.000E-01	9.100E-01	7.700E-01	1.629E+02	1.273E+02	8.025E+01	3.381E+01	1.298E+02	1.629E+02	1.500E-01	1.900E-01	2.800E-01	1.100E-01	2.000E-01	1.500E-01
3.500E+02	9.100E+01	2.111E+01	4.926E+03	6.759E+03	2.360E+01	2.349E+01	1.005E+00	1.000E-01	5.300E-01	1.000E+00	8.200E-01	1.716E+02	1.427E+02	9.350E+01	3.737E+01	1.174E+02	1.716E+02	1.500E-01	1.800E-01	2.600E-01	7.000E-02	1.800E-01	1.500E-01
2.540E+02	8.100E+01	1.798E+01	3.045E+03	4.366E+03	2.639E+01	1.431E+01	1.844E+00	8.400E-01	4.900E-01	5.400E-01	3.900E-01	1.914E+02	1.676E+02	1.201E+02	3.993E+01	9.391E+01	1.914E+02	1.300E-01	1.300E-01	1.500E-01	9.000E-02	1.900E-01	1.300E-01
3.850E+02	9.100E+01	2.214E+01	5.683E+03	7.435E+03	2.605E+01	2.089E+01	1.247E+00	6.000E-01	5.800E-01	8.000E-01	6.600E-01	1.593E+02	1.236E+02	6.937E+01	3.595E+01	1.435E+02	1.593E+02	1.300E-01	1.500E-01	3.000E-01	7.000E-02	2.200E-01	1.300E-01
2.430E+02	8.300E+01	1.759E+01	2.850E+03	4.280E+03	2.593E+01	1.815E+01	1.429E+00	7.100E-01	4.400E-01	7.000E-01	5.400E-01	1.693E+02	1.467E+02	1.059E+02	3.828E+01	9.563E+01	1.693E+02	1.400E-01	1.500E-01	1.900E-01	8.000E-02	1.700E-01	1.400E-01
4.150E+02	9.500E+01	2.299E+01	6.360E+03	8.366E+03	3.362E+01	1.581E+01	2.127E+00	8.800E-01	5.800E-01	4.700E-01	3.900E-01	1.642E+02	1.346E+02	8.806E+01	3.662E+01	1.187E+02	1.642E+02	1.300E-01	1.600E-01	2.500E-01	1.000E-01	2.100E-01	1.300E-01
3.710E+02	9.600E+01	2.173E+01	5.376E+03	7.558E+03	2.424E+01	2.404E+01	1.008E+00	1.300E-01	5.100E-01	9.900E-01	7.600E-01	1.884E+02	1.655E+02	1.274E+02	3.709E+01	8.202E+01	1.884E+02	1.500E-01	1.600E-01	1.600E-01	1.200E-01	1.500E-01	1.500E-01
1.900E+02	7.300E+01	1.555E+01	1.970E+03	2.943E+03	2.364E+01	1.380E+01	1.713E+00	8.100E-01	4.500E-01	5.800E-01	4.800E-01	1.649E+02	1.459E+02	1.086E+02	3.974E+01	8.663E+01	1.649E+02	1.400E-01	1.400E-01	1.500E-01	1.100E-01	1.500E-01	1.400E-01
2.100E+02	7.600E+01	1.635E+01	2.289E+03	3.387E+03	2.103E+01	1.891E+01	1.112E+00	4.400E-01	4.600E-01	9.000E-01	6.900E-01	1.493E+02	1.229E+02	8.574E+01	3.501E+01	1.083E+02	1.493E+02	1.200E-01	1.400E-01	1.800E-01	1.400E-01	1.800E-01	1.200E-01
4.420E+02	1.040E+02	2.372E+01	6.990E+03	9.755E+03	2.748E+01	2.534E+01	1.084E+00	3.900E-01	5.100E-01	9.200E-01	7.000E-01	1.837E+02	1.465E+02	9.223E+01	3.529E+01	1.265E+02	1.837E+02	1.300E-01	1.500E-01	2.200E-01	9.000E-02	1.900E-01	1.300E-01
3.770E+02	9.400E+01	2.191E+01	5.507E+03	7.520E+03	2.785E+01	2.006E+01	1.388E+00	6.900E-01	5.400E-01	7.200E-01	6.200E-01	1.684E+02	1.331E+02	8.259E+01	3.508E+01	1.311E+02	1.684E+02	1.400E-01	1.900E-01	3.000E-01	9.000E-02	2.200E-01	1.400E-01
3.090E+02	7.800E+01	1.984E+01	4.086E+03	5.115E+03	2.651E+01	1.527E+01	1.736E+00	8.200E-01	6.400E-01	5.800E-01	5.200E-01	1.717E+02	1.357E+02	8.263E+01	3.542E+01	1.326E+02	1.717E+02	1.500E-01	1.800E-01	2.700E-01	7.000E-02	1.800E-01	1.500E-01
2.270E+02	7.000E+01	1.700E+01	2.573E+03	3.372E+03	2.719E+01	1.094E+01	2.485E+00	9.200E-01	5.800E-01	4.000E-01	3.500E-01	1.601E+02	1.402E+02	1.093E+02	3.618E+01	8.073E+01	1.601E+02	1.200E-01	1.500E-01	1.800E-01	1.400E-01	2.500E-01	1.200E-01
2.300E+02	7.400E+01	1.711E+01	2.624E+03	3.612E+03	2.931E+01	1.052E+01	2.786E+00	9.300E-01	5.300E-01	3.600E-01	3.300E-01	1.631E+02	1.356E+02	9.426E+01	3.576E+01	1.081E+02	1.631E+02	1.400E-01	1.700E-01	2.100E-01	1.100E-01	1.600E-01	1.400E-01
2.040E+02	7.400E+01	1.612E+01	2.192E+03	3.203E+03	2.090E+01	1.709E+01	1.223E+00	5.800E-01	4.700E-01	8.200E-01	6.500E-01	1.678E+02	1.440E+02	1.066E+02	3.675E+01	9.232E+01	1.678E+02	1.300E-01	1.300E-01	1.800E-01	1.200E-01	2.300E-01	1.300E-01
2.770E+02	8.700E+01	1.878E+01	3.468E+03	5.114E+03	2.361E+01	2.060E+01	1.146E+00	4.900E-01	4.600E-01	8.700E-01	7.200E-01	1.654E+02	1.384E+02	9.834E+01	3.551E+01	1.045E+02	1.654E+02	1.400E-01	1.800E-01	2.400E-01	1.000E-01	1.900E-01	1.400E-01
2.030E+02	7.500E+01	1.608E+01	2.176E+03	3.231E+03	2.274E+01	1.705E+01	1.334E+00	6.600E-01	4.500E-01	7.500E-01	5.500E-01	1.649E+02	1.389E+02	9.834E+01	3.623E+01	1.021E+02	1.649E+02	1.300E-01	1.300E-01	1.700E-01	9.000E-02	2.000E-01	1.300E-01
3.210E+02	9.000E+01	2.022E+01	4.326E+03	6.131E+03	3.250E+01	1.282E+01	2.535E+00	9.200E-01	5.000E-01	3.900E-01	3.200E-01	1.482E+02	1.204E+02	8.868E+01	3.239E+01	1.031E+02	1.482E+02	1.400E-01	2.000E-01	2.600E-01	1.600E-01	2.700E-01	1.400E-01
3.430E+02	9.500E+01	2.090E+01	4.779E+03	6.915E+03	2.849E+01	2.059E+01	1.384E+00	6.900E-01	4.800E-01	7.200E-01	5.600E-01	1.587E+02	1.238E+02	7.491E+01	3.482E+01	1.354E+02	1.587E+02	1.400E-01	1.900E-01	3.000E-01	1.100E-01	2.000E-01	1.400E-01
4.030E+02	9.300E+01	2.265E+01	6.086E+03	7.953E+03	3.038E+01	1.709E+01	1.778E+00	8.300E-01	5.900E-01	5.600E-01	4.500E-01	1.725E+02	1.396E+02	9.320E+01	3.473E+01	1.180E+02	1.725E+02	1.500E-01	1.800E-01	2.500E-01	8.000E-02	1.700E-01	1.500E-01
3.400E+02	8.900E+01	2.081E+01	4.716E+03	6.421E+03	3.016E+01	1.528E+01	1.974E+00	8.600E-01	5.400E-01	5.100E-01	4.100E-01	1.632E+02	1.293E+02	8.115E+01	3.530E+01	1.268E+02	1.632E+02	1.400E-01	1.500E-01	2.500E-01	1.200E-01	2.500E-01	1.400E-01
4.040E+02	9.400E+01	2.268E+01	6.109E+03	8.059E+03	2.524E+01	2.422E+01	1.042E+00	2.800E-01	5.700E-01	9.600E-01	7.500E-01	1.755E+02	1.361E+02	8.388E+01	3.371E+01	1.331E+02	1.755E+02	1.400E-01	1.700E-01	2.700E-01	7.000E-02	2.200E-01	1.400E-01
2.520E+02	8.200E+01	1.791E+01	3.009E+03	4.385E+03	2.634E+01	1.595E+01	1.651E+00	8.000E-01	4.700E-01	6.100E-01	4.800E-01	1.869E+02	1.634E+02	1.172E+02	3.956E+01	9.413E+01	1.869E+02	1.200E-01	1.200E-01	1.400E-01	1.000E-01	1.700E-01	1.200E-01
2.900E+02	8.400E+01	1.922E+01	3.715E+03	5.169E+03	2.386E+01	1.954E+01	1.221E+00	5.700E-01	5.200E-01	8.200E-01	6.900E-01	1.611E+02	1.297E+02	8.222E+01	3.590E+01	1.258E+02	1.611E+02	1.200E-01	1.600E-01	2.600E-01	9.000E-02	1.800E-01	1.200E-01
1.930E+02	6.800E+01	1.568E+01	2.017E+03	2.785E+03	2.163E+01	1.405E+01	1.540E+00	7.600E-01	5.200E-01	6.500E-01	4.800E-01	1.501E+02	1.233E+02	8.759E+01	3.483E+01	1.049E+02	1.501E+02	1.200E-01	1.200E-01	1.800E-01	1.600E-01	2.500E-01	1.200E-01
3.150E+02	8.500E+01	2.003E+01	4.206E+03	5.682E+03	2.451E+01	2.019E+01	1.214E+00	5.700E-01	5.500E-01	8.200E-01	6.500E-01	1.700E+02	1.343E+02	8.360E+01	3.492E+01	1.304E+02	1.700E+02	1.500E-01	1.800E-01	2.900E-01	1.100E-01	2.100E-01	1.500E-01
2.630E+02	9.000E+01	1.830E+01	3.208E+03	5.023E+03	2.404E+01	2.306E+01	1.042E+00	2.800E-01	4.100E-01	9.600E-01	8.000E-01	1.533E+02	1.231E+02	8.188E+01	3.441E+01	1.189E+02	1.533E+02	1.400E-01	1.800E-01	2.800E-01	1.100E-01	2.600E-01	1.400E-01
2.780E+02	9.000E+01	1.881E+01	3.487E+03	5.309E+03	2.337E+01	2.311E+01	1.011E+00	1.500E-01	4.300E-01	9.900E-01	7.800E-01	1.402E+02	1.082E+02	6.844E+01	3.320E+01	1.313E+02	1.402E+02	1.100E-01	1.800E-01	3.400E-01	1.000E-01	2.800E-01	1.100E-01
4.090E+02	9.600E+01	2.282E+01	6.222E+03	8.332E+03	2.751E+01	2.242E+01	1.227E+00	5.800E-01	5.600E-01	8.100E-01	7.100E-01	1.820E+02	1.514E+02	1.041E+02	3.612E+01	1.098E+02	1.820E+02	1.600E-01	1.800E-01	2.400E-01	9.000E-02	2.000E-01	1.600E-01
2.440E+02	8.200E+01	1.763E+01	2.867E+03	4.246E+03	2.189E+01	2.029E+01	1.079E+00	3.700E-01	4.600E-01	9.300E-01	7.900E-01	1.556E+02	1.242E+02	8.033E+01	3.466E+01	1.231E+02	1.556E+02	1.200E-01	1.400E-01	2.600E-01	9.000E-02	2.300E-01	1.200E-01
1.970E+02	7.400E+01	1.584E+01	2.080E+03	3.094E+03	2.360E+01	1.523E+01	1.550E+00	7.600E-01	4.500E-01	6.500E-01	4.900E-01	1.639E+02	1.401E+02	1.014E+02	3.679E+01	9.757E+01	1.639E+02	1.300E-01	1.400E-01	2.000E-01	1.000E-01	2.300E-01	1.300E-01
2.690E+02	7.700E+01	1.851E+01	3.319E+03	4.395E+03	2.669E+01	1.336E+01	1.998E+00	8.700E-01	5.700E-01	5.000E-01	4.000E-01	1.740E+02	1.439E+02	9.835E+01	3.546E+01	1.108E+02	1.740E+02	1.500E-01	1.700E-01	2.100E-01	1.000E-01	1.800E-01	1.500E-01
4.190E+02	1.020E+02	2.310E+01	6.452E+03	9.069E+03	2.674E+01	2.633E+01	1.016E+00	1.700E-01	5.100E-01	9.800E-01	7.900E-01	1.606E+02	1.323E+02	8.686E+01	3.707E+01	1.171E+02	1.606E+02	1.400E-01	1.700E-01	2.400E-01	1.200E-01	2.300E-01	1.400E-01
2.690E+02	8.300E+01	1.851E+01	3.319E+03	4.738E+03	2.540E+01	1.814E+01	1.400E+00	7.000E-01	4.900E-01	7.100E-01	5.700E-01	1.532E+02	1.251E+02	8.661E+01	3.467E+01	1.104E+02	1.532E+02	1.100E-01	1.300E-01	2.100E-01	1.200E-01	2.300E-01	1.100E-01
3.260E+02	8.800E+01	2.037E+01	4.428E+03	6.088E+03	2.670E+01	1.843E+01	1.449E+00	7.200E-01	5.300E-01	6.900E-01	5.100E-01	1.737E+02	1.421E+02	9.443E+01	3.587E+01	1.167E+02	1.737E+02	1.600E-01	1.800E-01	2.400E-01	9.000E-02	1.900E-01	1.600E-01
3.150E+02	9.000E+01	2.003E+01	4.206E+03	6.016E+03	3.444E+01	1.181E+01	2.916E+00	9.400E-01	4.900E-01	3.400E-01	2.700E-01	1.603E+02	1.382E+02	9.805E+01	3.828E+01	9.894E+01	1.603E+02	1.400E-01	1.500E-01	1.900E-01	9.000E-02	1.700E-01	1.400E-01
3.490E+02	1.000E+02	2.108E+01	4.905E+03	7.406E+03	2.640E+01	2.192E+01	1.204E+00	5.600E-01	4.400E-01	8.300E-01	5.400E-01	1.571E+02	1.261E+02	8.200E+01	3.534E+01	1.214E+02	1.571E+02	1.400E-01	1.500E-01	2.400E-01	1.200E-01	2.300E-01	1.400E-01
2.720E+02	8.600E+01	1.861E+01	3.375E+03	4.964E+03	2.724E+01	1.715E+01	1.588E+00	7.800E-01	4.600E-01	6.300E-01	4.700E-01	1.428E+02	1.149E+02	7.721E+01	3.449E+01	1.169E+02	1.428E+02	1.000E-01	1.400E-01	2.100E-01	1.500E-01	2.100E-01	1.000E-01
3.080E+02	8.400E+01	1.980E+01	4.066E+03	5.490E+03	2.243E+01	2.140E+01	1.048E+00	3.000E-01	5.500E-01	9.500E-01	7.300E-01	1.608E+02	1.261E+02	8.188E+01	3.328E+01	1.248E+02	1.608E+02	1.100E-01	1.400E-01	2.500E-01	9.000E-02	2.300E-01	1.100E-01
2.710E+02	8.000E+01	1.858E+01	3.356E+03	4.601E+03	2.323E+01	1.658E+01	1.401E+00	7.000E-01	5.300E-01	7.100E-01	6.400E-01	1.502E+02	1.164E+02	6.865E+01	3.475E+01	1.383E+02	1.502E+02	9.000E-02	1.300E-01	2.900E-01	9.000E-02	2.200E-01	9.000E-02
2.510E+02	8.000E+01	1.788E+01	2.991E+03	4.261E+03	2.133E+01	1.984E+01	1.075E+00	3.700E-01	4.900E-01	9.300E-01	7.800E-01	1.640E+02	1.328E+02	8.712E+01	3.519E+01	1.204E+02	1.640E+02	1.200E-01	1.500E-01	2.300E-01	8.000E-02	1.600E-01	1.200E-01
2.320E+02	7.800E+01	1.719E+01	2.658E+03	3.840E+03	2.184E+01	1.883E+01	1.160E+00	5.100E-01	4.800E-01	8.600E-01	7.100E-01	1.553E+02	1.313E+02	9.761E+01	3.506E+01	9.461E+01	1.553E+02	1.000E-01	1.300E-01	1.700E-01	1.400E-01	2.000E-01	1.000E-01
2.910E+02	9.100E+01	1.925E+01	3.734E+03	5.619E+03	2.648E+01	1.961E+01	1.350E+00	6.700E-01	4.400E-01	7.400E-01	4.900E-01	1.671E+02	1.363E+02	9.430E+01	3.442E+01	1.105E+02	1.671E+02	1.000E-01	1.200E-01	1.600E-01	1.100E-01	1.700E-01	1.000E-01
2.650E+02	8.000E+01	1.837E+01	3.245E+03	4.499E+03	2.627E+01	1.563E+01	1.681E+00	8.000E-01	5.200E-01	5.900E-01	4.500E-01	1.659E+02	1.330E+02	8.792E+01	3.429E+01	1.206E+02	1.659E+02	1.300E-01	1.600E-01	2.400E-01	7.000E-02	1.700E-01	1.300E-01
2.270E+02	7.600E+01	1.700E+01	2.573E+03	3.661E+03	2.731E+01	1.170E+01	2.334E+00	9.000E-01	4.900E-01	4.300E-01	3.500E-01	1.636E+02	1.374E+02	9.678E+01	3.601E+01	1.046E+02	1.636E+02	1.300E-01	1.500E-01	2.000E-01	9.000E-02	1.600E-01	1.300E-01
1.320E+02	6.800E+01	1.296E+01	1.141E+03	1.905E+03	2.030E+01	1.516E+01	1.339E+00	6.600E-01	3.600E-01	7.500E-01	5.600E-01	1.711E+02	1.365E+02	9.239E+01	3.336E+01	1.162E+02	1.711E+02	8.000E-02	8.000E-02	1.700E-01	9.000E-02	2.200E-01	8.000E-02
2.300E+02	7.500E+01	1.711E+01	2.624E+03	3.661E+03	2.760E+01	1.266E+01	2.180E+00	8.900E-01	5.100E-01	4.600E-01	3.700E-01	1.670E+02	1.356E+02	9.616E+01	3.326E+01	1.076E+02	1.670E+02	1.000E-01	1.200E-01	1.800E-01	9.000E-02	2.100E-01	1.000E-01
1.570E+02	7.600E+01	1.414E+01	1.480E+03	2.532E+03	2.358E+01	1.722E+01	1.369E+00	6.800E-01	3.400E-01	7.300E-01	5.100E-01	1.535E+02	1.194E+02	7.600E+01	3.362E+01	1.283E+02	1.535E+02	7.000E-02	1.100E-01	2.300E-01	1.200E-01	2.100E-01	7.000E-02
2.980E+02	8.600E+01	1.948E+01	3.870E+03	5.438E+03	2.765E+01	1.689E+01	1.637E+00	7.900E-01	5.100E-01	6.100E-01	4.600E-01	1.829E+02	1.582E+02	1.207E+02	3.608E+01	8.562E+01	1.829E+02	1.200E-01	1.200E-01	1.300E-01	1.300E-01	1.900E-01	1.200E-01
2.830E+02	7.800E+01	1.898E+01	3.581E+03	4.684E+03	2.821E+01	1.306E+01	2.160E+00	8.900E-01	5.800E-01	4.600E-01	4.000E-01	1.641E+02	1.323E+02	8.843E+01	3.469E+01	1.180E+02	1.641E+02	1.200E-01	1.600E-01	2.500E-01	1.100E-01	2.300E-01	1.200E-01
3.300E+02	8.900E+01	2.050E+01	4.510E+03	6.233E+03	2.527E+01	1.983E+01	1.274E+00	6.200E-01	5.200E-01	7.800E-01	6.400E-01	1.701E+02	1.318E+02	8.360E+01	3.307E+01	1.312E+02	1.701E+02	1.300E-01	1.900E-01	3.000E-01	1.000E-01	2.000E-01	1.300E-01
2.130E+02	6.900E+01	1.647E+01	2.338E+03	3.119E+03	2.639E+01	1.131E+01	2.333E+00	9.000E-01	5.600E-01	4.300E-01	3.600E-01	1.652E+02	1.425E+02	1.108E+02	3.450E+01	8.323E+01	1.652E+02	1.000E-01	1.100E-01	1.300E-01	1.300E-01	2.200E-01	1.000E-01
2.460E+02	7.800E+01	1.770E+01	2.902E+03	4.072E+03	2.846E+01	1.117E+01	2.548E+00	9.200E-01	5.100E-01	3.900E-01	3.100E-01	1.616E+02	1.330E+02	9.513E+01	3.387E+01	1.049E+02	1.616E+02	1.200E-01	1.400E-01	1.900E-01	9.000E-02	1.700E-01	1.200E-01
3.120E+02	8.300E+01	1.993E+01	4.146E+03	5.495E+03	2.557E+01	1.751E+01	1.460E+00	7.300E-01	5.700E-01	6.800E-01	5.200E-01	1.733E+02	1.355E+02	8.506E+01	3.382E+01	1.308E+02	1.733E+02	1.300E-01	1.700E-01	2.500E-01	8.000E-02	1.600E-01	1.300E-01
2.450E+02	7.800E+01	1.766E+01	2.885E+03	4.055E+03	2.876E+01	1.192E+01	2.413E+00	9.100E-01	5.100E-01	4.100E-01	3.100E-01	1.635E+02	1.308E+02	8.825E+01	3.377E+01	1.169E+02	1.635E+02	1.000E-01	1.300E-01	2.200E-01	1.000E-01	2.300E-01	1.000E-01
3.300E+02	8.600E+01	2.050E+01	4.510E+03	6.022E+03	2.301E+01	2.222E+01	1.036E+00	2.600E-01	5.600E-01	9.700E-01	8.200E-01	1.747E+02	1.426E+02	9.761E+01	3.486E+01	1.131E+02	1.747E+02	1.400E-01	1.700E-01	2.500E-01	1.000E-01	2.200E-01	1.400E-01
3.490E+02	8.800E+01	2.108E+01	4.905E+03	6.517E+03	2.975E+01	1.554E+01	1.914E+00	8.500E-01	5.700E-01	5.200E-01	4.500E-01	1.746E+02	1.350E+02	8.249E+01	3.398E+01	1.358E+02	1.746E+02	1.500E-01	1.900E-01	3.300E-01	1.000E-01	2.300E-01	1.500E-01
2.540E+02	7.600E+01	1.798E+01	3.045E+03	4.096E+03	2.719E+01	1.345E+01	2.022E+00	8.700E-01	5.500E-01	4.900E-01	4.300E-01	1.659E+02	1.294E+02	8.270E+01	3.334E+01	1.286E+02	1.659E+02	1.200E-01	1.600E-01	2.600E-01	8.000E-02	2.000E-01	1.200E-01
4.150E+02	9.200E+01	2.299E+01	6.360E+03	8.102E+03	3.103E+01	1.729E+01	1.795E+00	8.300E-01	6.200E-01	5.600E-01	4.600E-01	1.851E+02	1.453E+02	9.808E+01	3.224E+01	1.208E+02	1.851E+02	1.600E-01	2.000E-01	2.800E-01	1.000E-01	2.100E-01	1.600E-01
2.570E+02	7.600E+01	1.809E+01	3.099E+03	4.145E+03	2.362E+01	1.621E+01	1.457E+00	7.300E-01	5.600E-01	6.900E-01	5.100E-01	1.685E+02	1.392E+02	9.487E+01	3.556E+01	1.124E+02	1.685E+02	1.200E-01	1.600E-01	2.200E-01	1.100E-01	1.700E-01	1.200E-01
3.210E+02	8.200E+01	2.022E+01	4.326E+03	5.586E+03	2.759E+01	1.589E+01	1.736E+00	8.200E-01	6.000E-01	5.800E-01	5.100E-01	1.682E+02	1.327E+02	8.605E+01	3.386E+01	1.264E+02	1.682E+02	1.500E-01	2.100E-01	3.200E-01	1.100E-01	2.200E-01	1.500E-01
2.080E+02	6.700E+01	1.627E+01	2.257E+03	2.957E+03	2.625E+01	1.034E+01	2.539E+00	9.200E-01	5.800E-01	3.900E-01	3.500E-01	1.655E+02	1.252E+02	7.733E+01	3.217E+01	1.357E+02	1.655E+02	1.200E-01	1.500E-01	2.600E-01	8.000E-02	2.000E-01	1.200E-01
3.530E+02	8.600E+01	2.120E+01	4.989E+03	6.442E+03	2.775E+01	1.661E+01	1.671E+00	8.000E-01	6.000E-01	6.000E-01	5.100E-01	1.835E+02	1.402E+02	8.439E+01	3.371E+01	1.388E+02	1.835E+02	1.500E-01	1.900E-01	3.100E-01	1.000E-01	2.100E-01	1.500E-01
2.920E+02	8.800E+01	1.928E+01	3.754E+03	5.453E+03	2.675E+01	1.823E+01	1.467E+00	7.300E-01	4.700E-01	6.800E-01	5.900E-01	1.668E+02	1.247E+02	7.275E+01	3.282E+01	1.425E+02	1.668E+02	1.400E-01	1.500E-01	2.500E-01	8.000E-02	1.900E-01	1.400E-01
3.130E+02	8.300E+01	1.996E+01	4.166E+03	5.513E+03	2.895E+01	1.430E+01	2.024E+00	8.700E-01	5.700E-01	4.900E-01	4.000E-01	1.698E+02	1.378E+02	9.240E+01	3.472E+01	1.177E+02	1.698E+02	1.300E-01	1.900E-01	2.800E-01	1.000E-01	2.300E-01	1.300E-01
3.850E+02	8.800E+01	2.214E+01	5.683E+03	7.190E+03	3.013E+01	1.635E+01	1.843E+00	8.400E-01	6.200E-01	5.400E-01	4.700E-01	1.740E+02	1.410E+02	9.551E+01	3.446E+01	1.156E+02	1.740E+02	1.200E-01	1.600E-01	2.200E-01	9.000E-02	1.900E-01	1.200E-01
2.830E+02	7.900E+01	1.898E+01	3.581E+03	4.744E+03	2.708E+01	1.343E+01	2.016E+00	8.700E-01	5.700E-01	5.000E-01	4.000E-01	1.677E+02	1.370E+02	9.715E+01	3.353E+01	1.074E+02	1.677E+02	1.100E-01	1.400E-01	2.100E-01	1.000E-01	2.200E-01	1.100E-01
3.060E+02	8.200E+01	1.974E+01	4.027E+03	5.325E+03	2.480E+01	1.764E+01	1.406E+00	7.000E-01	5.700E-01	7.100E-01	6.300E-01	1.818E+02	1.410E+02	8.783E+01	3.344E+01	1.313E+02	1.818E+02	1.600E-01	1.600E-01	2.300E-01	7.000E-02	1.600E-01	1.600E-01
3.200E+02	8.400E+01	2.019E+01	4.306E+03	5.704E+03	2.919E+01	1.451E+01	2.012E+00	8.700E-01	5.700E-01	5.000E-01	4.100E-01	1.774E+02	1.400E+02	9.066E+01	3.361E+01	1.256E+02	1.774E+02	1.400E-01	1.800E-01	2.900E-01	7.000E-02	2.200E-01	1.400E-01
2.660E+02	8.000E+01	1.840E+01	3.264E+03	4.516E+03	2.634E+01	1.478E+01	1.782E+00	8.300E-01	5.200E-01	5.600E-01	4.300E-01	1.706E+02	1.301E+02	8.011E+01	3.307E+01	1.348E+02	1.706E+02	1.200E-01	1.500E-01	2.800E-01	1.100E-01	2.300E-01	1.200E-01
2.860E+02	8.400E+01	1.908E+01	3.638E+03	5.098E+03	2.195E+01	2.186E+01	1.004E+00	9.000E-02	5.100E-01	1.000E+00	7.600E-01	1.766E+02	1.413E+02	9.234E+01	3.446E+01	1.228E+02	1.766E+02	1.400E-01	1.800E-01	2.700E-01	7.000E-02	2.000E-01	1.400E-01
3.310E+02	8.400E+01	2.053E+01	4.530E+03	5.900E+03	2.775E+01	1.646E+01	1.686E+00	8.100E-01	5.900E-01	5.900E-01	5.000E-01	1.732E+02	1.394E+02	9.343E+01	3.441E+01	1.174E+02	1.732E+02	1.100E-01	1.400E-01	2.400E-01	8.000E-02	2.300E-01	1.100E-01
3.840E+02	9.100E+01	2.211E+01	5.661E+03	7.415E+03	3.107E+01	1.617E+01	1.921E+00	8.500E-01	5.800E-01	5.200E-01	4.100E-01	1.775E+02	1.423E+02	9.416E+01	3.438E+01	1.202E+02	1.775E+02	1.100E-01	1.500E-01	2.400E-01	9.000E-02	2.000E-01	1.100E-01
2.330E+02	7.500E+01	1.722E+01	2.675E+03	3.708E+03	2.893E+01	1.051E+01	2.753E+00	9.300E-01	5.200E-01	3.600E-01	3.300E-01	1.765E+02	1.465E+02	1.030E+02	3.516E+01	1.061E+02	1.765E+02	1.300E-01	1.500E-01	1.900E-01	8.000E-02	1.800E-01	1.300E-01
3.460E+02	8.900E+01	2.099E+01	4.841E+03	6.535E+03	3.012E+01	1.580E+01	1.906E+00	8.500E-01	5.500E-01	5.200E-01	3.900E-01	1.744E+02	1.419E+02	9.800E+01	3.387E+01	1.126E+02	1.744E+02	1.400E-01	1.800E-01	2.400E-01	1.100E-01	1.900E-01	1.400E-01
3.000E+02	8.000E+01	1.954E+01	3.909E+03	5.093E+03	2.675E+01	1.462E+01	1.830E+00	8.400E-01	5.900E-01	5.500E-01	4.500E-01	1.828E+02	1.399E+02	9.275E+01	3.116E+01	1.261E+02	1.828E+02	1.700E-01	2.000E-01	2.800E-01	1.000E-01	2.100E-01	1.700E-01
3.530E+02	9.200E+01	2.120E+01	4.989E+03	6.892E+03	2.818E+01	1.965E+01	1.434E+00	7.200E-01	5.200E-01	7.000E-01	5.700E-01	1.768E+02	1.410E+02	9.699E+01	3.283E+01	1.163E+02	1.768E+02	1.500E-01	2.000E-01	2.900E-01	1.000E-01	2.500E-01	1.500E-01
2.300E+02	9.300E+01	1.711E+01	2.624E+03	4.539E+03	2.752E+01	2.098E+01	1.312E+00	6.500E-01	3.300E-01	7.600E-01	5.600E-01	1.903E+02	1.617E+02	1.227E+02	3.417E+01	8.934E+01	1.903E+02	1.200E-01	1.100E-01	1.500E-01	7.000E-02	2.200E-01	1.200E-01
2.790E+02	8.200E+01	1.885E+01	3.506E+03	4.855E+03	2.624E+01	1.748E+01	1.501E+00	7.500E-01	5.200E-01	6.700E-01	4.800E-01	1.708E+02	1.361E+02	9.023E+01	3.382E+01	1.197E+02	1.708E+02	1.100E-01	1.300E-01	2.300E-01	7.000E-02	2.400E-01	1.100E-01
3.260E+02	8.400E+01	2.037E+01	4.428E+03	5.811E+03	2.816E+01	1.602E+01	1.758E+00	8.200E-01	5.800E-01	5.700E-01	4.900E-01	1.819E+02	1.496E+02	1.050E+02	3.447E+01	1.078E+02	1.819E+02	1.400E-01	1.600E-01	2.000E-01	7.000E-02	1.700E-01	1.400E-01
2.690E+02	8.700E+01	1.851E+01	3.319E+03	4.966E+03	2.764E+01	1.731E+01	1.597E+00	7.800E-01	4.500E-01	6.300E-01	4.800E-01	1.951E+02	1.713E+02	1.377E+02	3.494E+01	7.437E+01	1.951E+02	1.400E-01	1.300E-01	1.400E-01	1.200E-01	1.600E-01	1.400E-01
2.790E+02	7.900E+01	1.885E+01	3.506E+03	4.677E+03	2.724E+01	1.353E+01	2.013E+00	8.700E-01	5.600E-01	5.000E-01	4.100E-01	1.879E+02	1.480E+02	9.601E+01	3.344E+01	1.250E+02	1.879E+02	1.400E-01	1.700E-01	2.300E-01	7.000E-02	1.600E-01	1.400E-01
2.000E+02	7.000E+01	1.596E+01	2.128E+03	2.971E+03	2.690E+01	1.035E+01	2.599E+00	9.200E-01	5.100E-01	3.800E-01	3.000E-01	1.805E+02	1.573E+02	1.245E+02	3.467E+01	7.882E+01	1.805E+02	1.300E-01	1.400E-01	1.800E-01	1.000E-01	2.400E-01	1.300E-01
3.310E+02	8.800E+01	2.053E+01	4.530E+03	6.181E+03	2.440E+01	2.081E+01	1.173E+00	5.200E-01	5.400E-01	8.500E-01	6.800E-01	1.753E+02	1.376E+02	9.021E+01	3.294E+01	1.248E+02	1.753E+02	1.400E-01	1.900E-01	2.700E-01	1.200E-01	2.000E-01	1.400E-01
3.390E+02	8.800E+01	2.078E+01	4.695E+03	6.331E+03	2.485E+01	2.080E+01	1.195E+00	5.500E-01	5.500E-01	8.400E-01	6.900E-01	1.804E+02	1.451E+02	9.655E+01	3.420E+01	1.198E+02	1.804E+02	1.300E-01	1.700E-01	2.500E-01	7.000E-02	1.700E-01	1.300E-01
2.200E+02	8.000E+01	1.674E+01	2.455E+03	3.735E+03	2.586E+01	1.480E+01	1.747E+00	8.200E-01	4.300E-01	5.700E-01	4.500E-01	1.711E+02	1.380E+02	9.855E+01	3.245E+01	1.087E+02	1.711E+02	1.100E-01	1.500E-01	2.200E-01	1.100E-01	2.100E-01	1.100E-01
2.120E+02	7.600E+01	1.643E+01	2.322E+03	3.419E+03	2.801E+01	1.270E+01	2.206E+00	8.900E-01	4.600E-01	4.500E-01	3.500E-01	1.717E+02	1.416E+02	9.898E+01	3.475E+01	1.083E+02	1.717E+02	1.300E-01	1.600E-01	2.200E-01	9.000E-02	2.100E-01	1.300E-01
3.350E+02	8.800E+01	2.065E+01	4.612E+03	6.256E+03	3.010E+01	1.559E+01	1.931E+00	8.600E-01	5.400E-01	5.200E-01	4.200E-01	1.682E+02	1.329E+02	8.695E+01	3.356E+01	1.232E+02	1.682E+02	1.500E-01	1.800E-01	2.700E-01	8.000E-02	2.300E-01	1.500E-01
2.860E+02	9.000E+01	1.908E+01	3.638E+03	5.462E+03	2.607E+01	1.901E+01	1.371E+00	6.800E-01	4.400E-01	7.300E-01	5.100E-01	1.753E+02	1.422E+02	1.035E+02	3.183E+01	1.041E+02	1.753E+02	1.200E-01	1.300E-01	1.800E-01	1.000E-01	1.900E-01	1.200E-01
3.650E+02	8.800E+01	2.156E+01	5.246E+03	6.816E+03	3.049E+01	1.568E+01	1.945E+00	8.600E-01	5.900E-01	5.100E-01	4.100E-01	1.816E+02	1.396E+02	8.814E+01	3.286E+01	1.318E+02	1.816E+02	1.400E-01	1.800E-01	2.900E-01	9.000E-02	2.200E-01	1.400E-01
2.680E+02	7.900E+01	1.847E+01	3.300E+03	4.493E+03	2.982E+01	1.232E+01	2.420E+00	9.100E-01	5.400E-01	4.100E-01	3.200E-01	1.731E+02	1.405E+02	9.899E+01	3.350E+01	1.100E+02	1.731E+02	1.200E-01	1.700E-01	2.400E-01	1.200E-01	2.300E-01	1.200E-01
3.050E+02	9.000E+01	1.971E+01	4.007E+03	5.825E+03	2.646E+01	2.029E+01	1.304E+00	6.400E-01	4.700E-01	7.700E-01	6.200E-01	1.761E+02	1.452E+02	1.046E+02	3.376E+01	1.044E+02	1.761E+02	1.600E-01	1.900E-01	2.600E-01	9.000E-02	2.200E-01	1.600E-01
2.100E+02	8.300E+01	1.635E+01	2.289E+03	3.699E+03	2.629E+01	1.695E+01	1.551E+00	7.600E-01	3.800E-01	6.400E-01	3.700E-01	1.707E+02	1.353E+02	9.333E+01	3.234E+01	1.139E+02	1.707E+02	1.100E-01	1.100E-01	1.800E-01	8.000E-02	2.400E-01	1.100E-01
3.230E+02	8.600E+01	2.028E+01	4.367E+03	5.895E+03	2.873E+01	1.452E+01	1.979E+00	8.600E-01	5.500E-01	5.100E-01	4.000E-01	1.762E+02	1.415E+02	8.983E+01	3.540E+01	1.259E+02	1.762E+02	1.400E-01	1.800E-01	3.000E-01	7.000E-02	2.400E-01	1.400E-01
3.280E+02	9.000E+01	2.044E+01	4.469E+03	6.264E+03	2.989E+01	1.802E+01	1.659E+00	8.000E-01	5.100E-01	6.000E-01	4.700E-01	1.752E+02	1.479E+02	1.033E+02	3.674E+01	1.056E+02	1.752E+02	1.300E-01	1.500E-01	2.100E-01	6.000E-02	1.500E-01	1.300E-01
3.670E+02	9.000E+01	2.162E+01	5.289E+03	7.009E+03	3.123E+01	1.509E+01	2.070E+00	8.800E-01	5.700E-01	4.800E-01	3.900E-01	1.966E+02	1.714E+02	1.342E+02	3.534E+01	8.051E+01	1.966E+02	1.400E-01	1.500E-01	1.600E-01	1.200E-01	1.500E-01	1.400E-01
3.690E+02	9.000E+01	2.168E+01	5.332E+03	7.047E+03	3.076E+01	1.541E+01	1.996E+00	8.700E-01	5.700E-01	5.000E-01	4.200E-01	1.732E+02	1.348E+02	8.458E+01	3.359E+01	1.306E+02	1.732E+02	1.400E-01	1.800E-01	2.800E-01	1.000E-01	2.300E-01	1.400E-01
2.520E+02	7.700E+01	1.791E+01	3.009E+03	4.118E+03	2.844E+01	1.155E+01	2.462E+00	9.100E-01	5.300E-01	4.100E-01	3.600E-01	1.925E+02	1.693E+02	1.248E+02	3.956E+01	8.840E+01	1.925E+02	1.300E-01	1.200E-01	1.400E-01	9.000E-02	2.100E-01	1.300E-01
3.710E+02	9.400E+01	2.173E+01	5.376E+03	7.400E+03	2.364E+01	2.347E+01	1.007E+00	1.200E-01	5.300E-01	9.900E-01	8.200E-01	1.806E+02	1.410E+02	8.670E+01	3.421E+01	1.330E+02	1.806E+02	1.400E-01	1.700E-01	2.700E-01	8.000E-02	1.800E-01	1.400E-01
2.430E+02	7.900E+01	1.759E+01	2.850E+03	4.074E+03	2.558E+01	1.559E+01	1.641E+00	7.900E-01	4.900E-01	6.100E-01	4.800E-01	1.765E+02	1.449E+02	1.032E+02	3.395E+01	1.052E+02	1.765E+02	1.200E-01	1.300E-01	1.700E-01	1.200E-01	1.900E-01	1.200E-01
4.110E+02	9.100E+01	2.288E+01	6.268E+03	7.937E+03	3.116E+01	1.752E+01	1.779E+00	8.300E-01	6.200E-01	5.600E-01	5.000E-01	1.755E+02	1.442E+02	9.895E+01	3.510E+01	1.125E+02	1.755E+02	1.300E-01	1.700E-01	2.400E-01	7.000E-02	1.900E-01	1.300E-01
2.560E+02	8.200E+01	1.805E+01	3.081E+03	4.455E+03	2.375E+01	1.935E+01	1.227E+00	5.800E-01	4.800E-01	8.100E-01	6.600E-01	1.753E+02	1.421E+02	9.729E+01	3.437E+01	1.120E+02	1.753E+02	1.100E-01	1.100E-01	1.600E-01	1.100E-01	2.100E-01	1.100E-01
3.210E+02	8.400E+01	2.022E+01	4.326E+03	5.722E+03	2.954E+01	1.409E+01	2.097E+00	8.800E-01	5.700E-01	4.800E-01	4.000E-01	1.760E+02	1.463E+02	1.036E+02	3.498E+01	1.054E+02	1.760E+02	1.500E-01	1.600E-01	2.200E-01	1.100E-01	1.900E-01	1.500E-01
2.890E+02	8.800E+01	1.918E+01	3.696E+03	5.397E+03	2.596E+01	1.989E+01	1.305E+00	6.400E-01	4.700E-01	7.700E-01	5.800E-01	1.701E+02	1.458E+02	1.111E+02	3.465E+01	8.741E+01	1.701E+02	1.500E-01	1.500E-01	1.500E-01	9.000E-02	1.700E-01	1.500E-01
3.680E+02	9.000E+01	2.165E+01	5.311E+03	7.028E+03	2.684E+01	2.000E+01	1.342E+00	6.700E-01	5.700E-01	7.500E-01	6.400E-01	1.760E+02	1.401E+02	9.306E+01	3.355E+01	1.204E+02	1.760E+02	1.500E-01	1.700E-01	2.400E-01	9.000E-02	2.000E-01	1.500E-01
3.450E+02	8.600E+01	2.096E+01	4.821E+03	6.296E+03	2.886E+01	1.645E+01	1.754E+00	8.200E-01	5.900E-01	5.700E-01	4.400E-01	1.733E+02	1.375E+02	8.842E+01	3.414E+01	1.261E+02	1.733E+02	1.300E-01	1.700E-01	2.800E-01	9.000E-02	2.100E-01	1.300E-01
3.440E+02	8.300E+01	2.093E+01	4.800E+03	6.059E+03	2.604E+01	1.739E+01	1.497E+00	7.400E-01	6.300E-01	6.700E-01	6.000E-01	1.769E+02	1.391E+02	9.106E+01	3.323E+01	1.246E+02	1.769E+02	1.500E-01	1.800E-01	2.600E-01	1.100E-01	1.600E-01	1.500E-01
2.790E+02	8.000E+01	1.885E+01	3.506E+03	4.736E+03	2.580E+01	1.539E+01	1.676E+00	8.000E-01	5.500E-01	6.000E-01	4.800E-01	1.782E+02	1.492E+02	1.078E+02	3.513E+01	1.022E+02	1.782E+02	1.500E-01	1.900E-01	3.000E-01	1.200E-01	3.400E-01	1.500E-01
4.580E+02	1.050E+02	2.415E+01	7.373E+03	1.021E+04	3.209E+01	2.087E+01	1.538E+00	7.600E-01	5.200E-01	6.500E-01	5.200E-01	1.875E+02	1.507E+02	1.011E+02	3.413E+01	1.165E+02	1.875E+02	1.400E-01	1.500E-01	2.100E-01	1.000E-01	2.200E-01	1.400E-01
3.370E+02	9.100E+01	2.071E+01	4.654E+03	6.508E+03	2.433E+01	2.238E+01	1.087E+00	3.900E-01	5.100E-01	9.200E-01	8.100E-01	1.795E+02	1.440E+02	9.615E+01	3.381E+01	1.192E+02	1.795E+02	1.300E-01	1.700E-01	2.400E-01	9.000E-02	1.900E-01	1.300E-01
3.370E+02	8.800E+01	2.071E+01	4.654E+03	6.293E+03	2.525E+01	2.126E+01	1.188E+00	5.400E-01	5.500E-01	8.400E-01	6.700E-01	1.766E+02	1.357E+02	8.164E+01	3.345E+01	1.368E+02	1.766E+02	1.400E-01	1.700E-01	2.600E-01	7.000E-02	1.900E-01	1.400E-01
3.060E+02	8.500E+01	1.974E+01	4.027E+03	5.519E+03	2.940E+01	1.346E+01	2.184E+00	8.900E-01	5.300E-01	4.600E-01	3.800E-01	1.793E+02	1.447E+02	9.592E+01	3.454E+01	1.191E+02	1.793E+02	1.300E-01	1.600E-01	2.300E-01	7.000E-02	1.900E-01	1.300E-01
2.050E+02	7.200E+01	1.616E+01	2.208E+03	3.132E+03	2.179E+01	1.580E+01	1.379E+00	6.900E-01	5.000E-01	7.300E-01	6.100E-01	1.771E+02	1.554E+02	1.197E+02	3.684E+01	8.072E+01	1.771E+02	1.700E-01	1.600E-01	1.600E-01	1.300E-01	2.400E-01	1.700E-01
2.580E+02	8.200E+01	1.812E+01	3.117E+03	4.489E+03	2.823E+01	1.285E+01	2.197E+00	8.900E-01	4.800E-01	4.600E-01	3.300E-01	1.661E+02	1.302E+02	8.743E+01	3.243E+01	1.202E+02	1.661E+02	1.300E-01	1.500E-01	2.300E-01	1.300E-01	2.200E-01	1.300E-01
2.120E+02	7.500E+01	1.643E+01	2.322E+03	3.374E+03	2.624E+01	1.110E+01	2.364E+00	9.100E-01	4.700E-01	4.200E-01	3.700E-01	1.599E+02	1.331E+02	9.758E+01	3.404E+01	1.001E+02	1.599E+02	1.400E-01	1.900E-01	2.300E-01	1.500E-01	2.200E-01	1.400E-01
3.410E+02	8.600E+01	2.084E+01	4.737E+03	6.223E+03	2.786E+01	1.643E+01	1.696E+00	8.100E-01	5.800E-01	5.900E-01	4.300E-01	1.772E+02	1.397E+02	9.058E+01	3.379E+01	1.254E+02	1.772E+02	1.500E-01	1.800E-01	2.800E-01	1.100E-01	2.300E-01	1.500E-01
4.230E+02	9.600E+01	2.321E+01	6.544E+03	8.617E+03	3.101E+01	1.801E+01	1.722E+00	8.100E-01	5.800E-01	5.800E-01	4.600E-01	1.851E+02	1.448E+02	9.574E+01	3.244E+01	1.241E+02	1.851E+02	1.500E-01	1.900E-01	2.700E-01	7.000E-02	2.000E-01	1.500E-01
3.890E+02	8.900E+01	2.226E+01	5.771E+03	7.347E+03	2.997E+01	1.682E+01	1.782E+00	8.300E-01	6.200E-01	5.600E-01	4.900E-01	1.787E+02	1.444E+02	1.005E+02	3.318E+01	1.122E+02	1.787E+02	1.500E-01	1.700E-01	2.400E-01	7.000E-02	1.900E-01	1.500E-01
3.040E+02	8.900E+01	1.967E+01	3.987E+03	5.741E+03	3.289E+01	1.357E+01	2.424E+00	9.100E-01	4.800E-01	4.100E-01	3.400E-01	2.040E+02	1.818E+02	1.453E+02	3.721E+01	7.270E+01	2.040E+02	1.200E-01	1.200E-01	1.300E-01	1.200E-01	1.500E-01	1.200E-01
2.880E+02	8.000E+01	1.915E+01	3.677E+03	4.889E+03	2.955E+01	1.276E+01	2.316E+00	9.000E-01	5.700E-01	4.300E-01	3.700E-01	1.650E+02	1.372E+02	9.976E+01	3.466E+01	1.004E+02	1.650E+02	1.200E-01	1.500E-01	1.900E-01	1.500E-01	2.300E-01	1.200E-01
3.200E+02	8.500E+01	2.019E+01	4.306E+03	5.772E+03	2.855E+01	1.559E+01	1.831E+00	8.400E-01	5.600E-01	5.500E-01	4.300E-01	1.732E+02	1.381E+02	9.243E+01	3.347E+01	1.185E+02	1.732E+02	1.500E-01	1.700E-01	2.500E-01	1.200E-01	2.400E-01	1.500E-01
2.610E+02	8.200E+01	1.823E+01	3.172E+03	4.542E+03	3.011E+01	1.257E+01	2.395E+00	9.100E-01	4.900E-01	4.200E-01	3.400E-01	1.717E+02	1.421E+02	1.025E+02	3.425E+01	1.017E+02	1.717E+02	1.000E-01	1.200E-01	1.500E-01	1.500E-01	2.100E-01	1.000E-01
2.740E+02	8.300E+01	1.868E+01	3.412E+03	4.826E+03	2.696E+01	1.679E+01	1.606E+00	7.800E-01	5.000E-01	6.200E-01	5.200E-01	1.550E+02	1.221E+02	8.348E+01	3.223E+01	1.179E+02	1.550E+02	1.000E-01	1.400E-01	2.200E-01	1.200E-01	2.100E-01	1.000E-01
2.820E+02	8.000E+01	1.895E+01	3.562E+03	4.787E+03	2.731E+01	1.329E+01	2.055E+00	8.700E-01	5.500E-01	4.900E-01	3.700E-01	1.799E+02	1.462E+02	9.874E+01	3.509E+01	1.128E+02	1.799E+02	1.100E-01	1.100E-01	1.800E-01	1.100E-01	2.700E-01	1.100E-01
2.440E+02	7.700E+01	1.763E+01	2.867E+03	3.987E+03	2.845E+01	1.120E+01	2.540E+00	9.200E-01	5.200E-01	3.900E-01	3.100E-01	1.570E+02	1.253E+02	8.627E+01	3.301E+01	1.139E+02	1.570E+02	9.000E-02	1.000E-01	1.700E-01	1.200E-01	2.000E-01	9.000E-02
2.100E+02	7.200E+01	1.635E+01	2.289E+03	3.209E+03	2.480E+01	1.325E+01	1.872E+00	8.500E-01	5.100E-01	5.300E-01	4.500E-01	1.579E+02	1.303E+02	9.467E+01	3.361E+01	1.021E+02	1.579E+02	1.100E-01	1.400E-01	2.100E-01	1.100E-01	2.400E-01	1.100E-01
2.910E+02	7.800E+01	1.925E+01	3.734E+03	4.817E+03	2.787E+01	1.380E+01	2.020E+00	8.700E-01	6.000E-01	5.000E-01	4.300E-01	1.718E+02	1.389E+02	9.547E+01	3.366E+01	1.136E+02	1.718E+02	1.500E-01	1.700E-01	2.200E-01	1.000E-01	1.700E-01	1.500E-01
2.940E+02	8.300E+01	1.935E+01	3.792E+03	5.178E+03	2.629E+01	1.555E+01	1.691E+00	8.100E-01	5.400E-01	5.900E-01	4.500E-01	1.742E+02	1.384E+02	8.788E+01	3.489E+01	1.270E+02	1.742E+02	1.200E-01	1.600E-01	2.900E-01	8.000E-02	2.400E-01	1.200E-01
2.920E+02	8.000E+01	1.928E+01	3.754E+03	4.957E+03	2.788E+01	1.490E+01	1.871E+00	8.500E-01	5.700E-01	5.300E-01	4.600E-01	1.807E+02	1.450E+02	9.392E+01	3.543E+01	1.225E+02	1.807E+02	1.400E-01	1.600E-01	2.700E-01	1.100E-01	2.400E-01	1.400E-01
2.560E+02	8.000E+01	1.805E+01	3.081E+03	4.346E+03	2.447E+01	1.659E+01	1.475E+00	7.300E-01	5.000E-01	6.800E-01	5.500E-01	1.755E+02	1.303E+02	6.899E+01	3.400E+01	1.552E+02	1.755E+02	1.600E-01	2.000E-01	3.700E-01	6.000E-02	2.000E-01	1.600E-01
3.550E+02	9.200E+01	2.126E+01	5.032E+03	6.931E+03	3.049E+01	1.547E+01	1.971E+00	8.600E-01	5.300E-01	5.100E-01	3.900E-01	1.830E+02	1.507E+02	9.640E+01	3.719E+01	1.220E+02	1.830E+02	1.400E-01	1.800E-01	2.700E-01	1.000E-01	2.000E-01	1.400E-01
3.190E+02	8.100E+01	2.015E+01	4.286E+03	5.483E+03	2.875E+01	1.425E+01	2.018E+00	8.700E-01	6.100E-01	5.000E-01	4.500E-01	1.720E+02	1.424E+02	9.776E+01	3.562E+01	1.108E+02	1.720E+02	1.300E-01	1.700E-01	2.800E-01	1.200E-01	2.900E-01	1.300E-01
3.510E+02	8.900E+01	2.114E+01	4.947E+03	6.629E+03	2.646E+01	2.037E+01	1.299E+00	6.400E-01	5.600E-01	7.700E-01	6.800E-01	1.929E+02	1.588E+02	1.093E+02	3.513E+01	1.115E+02	1.929E+02	1.400E-01	1.700E-01	2.500E-01	8.000E-02	2.000E-01	1.400E-01
4.040E+02	9.000E+01	2.268E+01	6.109E+03	7.716E+03	2.893E+01	1.852E+01	1.562E+00	7.700E-01	6.300E-01	6.400E-01	5.300E-01	1.827E+02	1.482E+02	9.778E+01	3.528E+01	1.193E+02	1.827E+02	1.200E-01	1.500E-01	2.600E-01	1.000E-01	2.400E-01	1.200E-01
2.580E+02	8.200E+01	1.812E+01	3.117E+03	4.489E+03	2.971E+01	1.139E+01	2.608E+00	9.200E-01	4.800E-01	3.800E-01	3.200E-01	1.846E+02	1.510E+02	1.019E+02	3.529E+01	1.156E+02	1.846E+02	1.400E-01	1.900E-01	2.700E-01	1.000E-01	2.100E-01	1.400E-01
1.870E+02	7.200E+01	1.543E+01	1.924E+03	2.857E+03	2.709E+01	1.119E+01	2.421E+00	9.100E-01	4.500E-01	4.100E-01	3.000E-01	1.718E+02	1.484E+02	1.107E+02	3.659E+01	9.018E+01	1.718E+02	1.000E-01	1.100E-01	1.400E-01	1.200E-01	1.900E-01	1.000E-01
3.240E+02	8.200E+01	2.031E+01	4.387E+03	5.638E+03	2.644E+01	1.628E+01	1.624E+00	7.900E-01	6.100E-01	6.200E-01	4.800E-01	1.889E+02	1.514E+02	9.952E+01	3.442E+01	1.211E+02	1.889E+02	1.400E-01	1.700E-01	2.500E-01	1.000E-01	2.000E-01	1.400E-01
2.280E+02	8.800E+01	1.704E+01	2.590E+03	4.258E+03	2.592E+01	2.060E+01	1.258E+00	6.100E-01	3.700E-01	7.900E-01	5.600E-01	1.776E+02	1.487E+02	1.059E+02	3.553E+01	1.026E+02	1.776E+02	1.100E-01	1.300E-01	1.800E-01	1.200E-01	2.000E-01	1.100E-01
2.800E+02	8.100E+01	1.888E+01	3.525E+03	4.813E+03	2.955E+01	1.378E+01	2.144E+00	8.800E-01	5.400E-01	4.700E-01	3.800E-01	1.724E+02	1.441E+02	1.045E+02	3.449E+01	1.014E+02	1.724E+02	1.200E-01	1.600E-01	2.100E-01	1.000E-01	1.800E-01	1.200E-01
3.260E+02	9.100E+01	2.037E+01	4.428E+03	6.295E+03	2.768E+01	1.778E+01	1.557E+00	7.700E-01	4.900E-01	6.400E-01	4.600E-01	1.729E+02	1.445E+02	9.925E+01	3.648E+01	1.089E+02	1.729E+02	1.100E-01	1.400E-01	2.200E-01	8.000E-02	2.200E-01	1.100E-01
2.020E+02	7.900E+01	1.604E+01	2.160E+03	3.386E+03	2.385E+01	1.764E+01	1.352E+00	6.700E-01	4.100E-01	7.400E-01	4.700E-01	1.810E+02	1.512E+02	1.067E+02	3.575E+01	1.048E+02	1.810E+02	1.000E-01	1.200E-01	2.000E-01	9.000E-02	2.200E-01	1.000E-01
2.190E+02	8.400E+01	1.670E+01	2.438E+03	3.904E+03	2.532E+01	1.971E+01	1.285E+00	6.300E-01	3.900E-01	7.800E-01	6.400E-01	1.717E+02	1.475E+02	1.076E+02	3.674E+01	9.565E+01	1.717E+02	1.400E-01	1.600E-01	1.800E-01	8.000E-02	1.400E-01	1.400E-01
2.590E+02	8.000E+01	1.816E+01	3.136E+03	4.397E+03	2.296E+01	1.946E+01	1.180E+00	5.300E-01	5.100E-01	8.500E-01	6.800E-01	1.749E+02	1.438E+02	9.412E+01	3.666E+01	1.195E+02	1.749E+02	1.400E-01	1.900E-01	2.800E-01	1.000E-01	2.000E-01	1.400E-01
2.530E+02	7.300E+01	1.795E+01	3.027E+03	3.919E+03	2.622E+01	1.246E+01	2.104E+00	8.800E-01	6.000E-01	4.800E-01	4.200E-01	1.887E+02	1.566E+02	1.076E+02	3.567E+01	1.108E+02	1.887E+02	1.400E-01	1.700E-01	2.600E-01	8.000E-02	2.100E-01	1.400E-01
2.150E+02	7.300E+01	1.655E+01	2.371E+03	3.331E+03	2.491E+01	1.492E+01	1.670E+00	8.000E-01	5.100E-01	6.000E-01	4.700E-01	1.751E+02	1.458E+02	1.048E+02	3.432E+01	1.023E+02	1.751E+02	1.200E-01	1.300E-01	1.700E-01	9.000E-02	1.500E-01	1.200E-01
3.980E+02	9.600E+01	2.251E+01	5.973E+03	8.108E+03	2.877E+01	2.072E+01	1.389E+00	6.900E-01	5.400E-01	7.200E-01	5.700E-01	1.808E+02	1.485E+02	1.018E+02	3.547E+01	1.114E+02	1.808E+02	1.200E-01	1.500E-01	2.200E-01	1.000E-01	2.400E-01	1.200E-01
3.170E+02	8.300E+01	2.009E+01	4.246E+03	5.583E+03	2.795E+01	1.569E+01	1.781E+00	8.300E-01	5.800E-01	5.600E-01	4.700E-01	1.724E+02	1.359E+02	8.300E+01	3.507E+01	1.323E+02	1.724E+02	1.000E-01	1.300E-01	2.300E-01	7.000E-02	1.700E-01	1.000E-01
2.460E+02	7.600E+01	1.770E+01	2.902E+03	3.967E+03	2.237E+01	1.728E+01	1.295E+00	6.300E-01	5.400E-01	7.700E-01	6.300E-01	1.791E+02	1.346E+02	7.911E+01	3.309E+01	1.438E+02	1.791E+02	1.200E-01	1.900E-01	4.000E-01	1.000E-01	2.600E-01	1.200E-01
2.520E+02	7.600E+01	1.791E+01	3.009E+03	4.064E+03	2.698E+01	1.242E+01	2.172E+00	8.900E-01	5.500E-01	4.600E-01	3.700E-01	1.741E+02	1.370E+02	8.464E+01	3.475E+01	1.316E+02	1.741E+02	1.200E-01	1.500E-01	2.500E-01	7.000E-02	1.800E-01	1.200E-01
3.420E+02	8.800E+01	2.087E+01	4.758E+03	6.387E+03	2.619E+01	2.048E+01	1.279E+00	6.200E-01	5.500E-01	7.800E-01	6.700E-01	1.702E+02	1.328E+02	7.954E+01	3.504E+01	1.359E+02	1.702E+02	1.100E-01	1.400E-01	2.700E-01	8.000E-02	2.100E-01	1.100E-01
3.310E+02	8.600E+01	2.053E+01	4.530E+03	6.041E+03	2.939E+01	1.457E+01	2.017E+00	8.700E-01	5.600E-01	5.000E-01	4.100E-01	1.859E+02	1.470E+02	9.523E+01	3.386E+01	1.256E+02	1.859E+02	1.500E-01	1.900E-01	2.800E-01	9.000E-02	2.000E-01	1.500E-01
2.730E+02	7.600E+01	1.864E+01	3.393E+03	4.403E+03	2.540E+01	1.423E+01	1.785E+00	8.300E-01	5.900E-01	5.600E-01	4.700E-01	1.632E+02	1.259E+02	7.584E+01	3.406E+01	1.368E+02	1.632E+02	1.000E-01	1.300E-01	2.400E-01	6.000E-02	1.700E-01	1.000E-01
3.570E+02	8.800E+01	2.132E+01	5.074E+03	6.667E+03	2.862E+01	1.605E+01	1.783E+00	8.300E-01	5.800E-01	5.600E-01	4.600E-01	1.872E+02	1.442E+02	8.912E+01	3.341E+01	1.342E+02	1.872E+02	1.500E-01	1.800E-01	3.000E-01	8.000E-02	2.100E-01	1.500E-01
3.120E+02	8.400E+01	1.993E+01	4.146E+03	5.562E+03	2.800E+01	1.534E+01	1.825E+00	8.400E-01	5.600E-01	5.500E-01	4.500E-01	1.762E+02	1.410E+02	9.058E+01	3.511E+01	1.252E+02	1.762E+02	1.300E-01	1.800E-01	2.900E-01	9.000E-02	2.100E-01	1.300E-01
3.950E+02	9.200E+01	2.243E+01	5.906E+03	7.712E+03	2.955E+01	1.740E+01	1.698E+00	8.100E-01	5.900E-01	5.900E-01	4.900E-01	1.926E+02	1.511E+02	9.536E+01	3.414E+01	1.289E+02	1.926E+02	1.300E-01	1.600E-01	2.500E-01	8.000E-02	2.000E-01	1.300E-01
3.100E+02	8.400E+01	1.987E+01	4.106E+03	5.526E+03	2.884E+01	1.395E+01	2.067E+00	8.800E-01	5.500E-01	4.800E-01	3.900E-01	1.741E+02	1.350E+02	8.266E+01	3.393E+01	1.341E+02	1.741E+02	1.200E-01	1.600E-01	3.100E-01	9.000E-02	2.400E-01	1.200E-01
2.680E+02	8.500E+01	1.847E+01	3.300E+03	4.834E+03	2.465E+01	1.900E+01	1.297E+00	6.400E-01	4.700E-01	7.700E-01	5.800E-01	1.719E+02	1.382E+02	9.238E+01	3.422E+01	1.176E+02	1.719E+02	1.100E-01	1.300E-01	1.700E-01	1.000E-01	1.500E-01	1.100E-01
2.270E+02	8.300E+01	1.700E+01	2.573E+03	3.998E+03	2.875E+01	1.327E+01	2.167E+00	8.900E-01	4.100E-01	4.600E-01	3.200E-01	1.743E+02	1.421E+02	9.787E+01	3.445E+01	1.116E+02	1.743E+02	1.000E-01	1.200E-01	1.800E-01	9.000E-02	1.800E-01	1.000E-01
3.430E+02	9.000E+01	2.090E+01	4.779E+03	6.551E+03	2.737E+01	1.856E+01	1.475E+00	7.300E-01	5.300E-01	6.800E-01	5.000E-01	1.876E+02	1.476E+02	8.778E+01	3.545E+01	1.349E+02	1.876E+02	1.500E-01	1.600E-01	2.100E-01	7.000E-02	1.400E-01	1.500E-01
2.710E+02	8.800E+01	1.858E+01	3.356E+03	5.061E+03	2.602E+01	1.904E+01	1.367E+00	6.800E-01	4.400E-01	7.300E-01	5.300E-01	1.708E+02	1.453E+02	1.055E+02	3.610E+01	9.794E+01	1.708E+02	1.200E-01	1.500E-01	2.000E-01	1.100E-01	1.900E-01	1.200E-01
3.830E+02	9.200E+01	2.208E+01	5.638E+03	7.477E+03	2.470E+01	2.438E+01	1.013E+00	1.600E-01	5.700E-01	9.900E-01	7.900E-01	1.888E+02	1.554E+02	1.080E+02	3.499E+01	1.097E+02	1.888E+02	1.600E-01	2.000E-01	2.700E-01	1.100E-01	2.600E-01	1.600E-01
3.440E+02	8.500E+01	2.093E+01	4.800E+03	6.205E+03	2.836E+01	1.630E+01	1.740E+00	8.200E-01	6.000E-01	5.700E-01	4.600E-01	1.894E+02	1.575E+02	1.079E+02	3.623E+01	1.105E+02	1.894E+02	1.400E-01	1.700E-01	2.500E-01	8.000E-02	2.100E-01	1.400E-01
3.310E+02	9.000E+01	2.053E+01	4.530E+03	6.322E+03	2.579E+01	1.966E+01	1.312E+00	6.500E-01	5.100E-01	7.600E-01	5.900E-01	1.758E+02	1.396E+02	8.866E+01	3.479E+01	1.258E+02	1.758E+02	1.300E-01	1.400E-01	2.400E-01	8.000E-02	2.300E-01	1.300E-01
1.930E+02	7.500E+01	1.568E+01	2.017E+03	3.072E+03	2.276E+01	1.552E+01	1.466E+00	7.300E-01	4.300E-01	6.800E-01	4.800E-01	1.700E+02	1.322E+02	8.059E+01	3.424E+01	1.342E+02	1.700E+02	1.400E-01	1.600E-01	2.700E-01	7.000E-02	2.000E-01	1.400E-01
2.850E+02	8.600E+01	1.905E+01	3.619E+03	5.201E+03	2.907E+01	1.336E+01	2.176E+00	8.900E-01	4.800E-01	4.600E-01	3.700E-01	1.813E+02	1.466E+02	9.454E+01	3.549E+01	1.239E+02	1.813E+02	1.400E-01	1.900E-01	3.000E-01	9.000E-02	2.200E-01	1.400E-01
3.680E+02	8.800E+01	2.165E+01	5.311E+03	6.872E+03	3.002E+01	1.593E+01	1.884E+00	8.500E-01	6.000E-01	5.300E-01	4.600E-01	1.931E+02	1.552E+02	1.009E+02	3.519E+01	1.203E+02	1.931E+02	1.600E-01	1.700E-01	2.200E-01	8.000E-02	2.200E-01	1.600E-01
1.710E+02	7.600E+01	1.476E+01	1.682E+03	2.758E+03	3.101E+01	9.220E+00	3.363E+00	9.500E-01	3.700E-01	3.000E-01	2.300E-01	1.583E+02	1.261E+02	8.850E+01	3.196E+01	1.131E+02	1.583E+02	1.000E-01	1.500E-01	2.400E-01	1.600E-01	2.300E-01	1.000E-01
3.300E+02	8.600E+01	2.050E+01	4.510E+03	6.022E+03	2.653E+01	1.775E+01	1.495E+00	7.400E-01	5.600E-01	6.700E-01	5.300E-01	1.830E+02	1.459E+02	9.077E+01	3.561E+01	1.289E+02	1.830E+02	1.100E-01	1.400E-01	2.600E-01	8.000E-02	2.100E-01	1.100E-01
2.900E+02	8.300E+01	1.922E+01	3.715E+03	5.108E+03	2.757E+01	1.512E+01	1.823E+00	8.400E-01	5.300E-01	5.500E-01	4.300E-01	1.880E+02	1.619E+02	1.199E+02	3.665E+01	9.178E+01	1.880E+02	1.200E-01	1.300E-01	1.700E-01	1.100E-01	2.100E-01	1.200E-01
3.840E+02	9.000E+01	2.211E+01	5.661E+03	7.334E+03	2.927E+01	1.814E+01	1.614E+00	7.800E-01	6.000E-01	6.200E-01	5.000E-01	1.898E+02	1.551E+02	1.047E+02	3.529E+01	1.150E+02	1.898E+02	1.500E-01	1.800E-01	2.600E-01	9.000E-02	2.200E-01	1.500E-01
3.330E+02	8.500E+01	2.059E+01	4.571E+03	6.007E+03	2.520E+01	1.859E+01	1.356E+00	6.800E-01	5.800E-01	7.400E-01	6.000E-01	1.962E+02	1.567E+02	1.007E+02	3.490E+01	1.239E+02	1.962E+02	1.500E-01	1.600E-01	2.500E-01	7.000E-02	2.200E-01	1.500E-01
2.530E+02	8.500E+01	1.795E+01	3.027E+03	4.564E+03	2.330E+01	2.051E+01	1.136E+00	4.800E-01	4.400E-01	8.800E-01	6.300E-01	1.800E+02	1.467E+02	9.691E+01	3.581E+01	1.166E+02	1.800E+02	1.000E-01	1.000E-01	2.100E-01	9.000E-02	2.500E-01	1.000E-01
2.000E+02	6.700E+01	1.596E+01	2.128E+03	2.844E+03	2.538E+01	1.118E+01	2.270E+00	9.000E-01	5.600E-01	4.400E-01	3.600E-01	1.778E+02	1.366E+02	8.036E+01	3.431E+01	1.394E+02	1.778E+02	9.000E-02	1.000E-01	2.300E-01	5.000E-02	1.800E-01	9.000E-02
3.840E+02	9.000E+01	2.211E+01	5.661E+03	7.334E+03	2.965E+01	1.722E+01	1.722E+00	8.100E-01	6.000E-01	5.800E-01	4.900E-01	1.781E+02	1.412E+02	9.123E+01	3.459E+01	1.244E+02	1.781E+02	1.000E-01	1.500E-01	2.600E-01	1.100E-01	2.400E-01	1.000E-01
3.350E+02	9.000E+01	2.065E+01	4.612E+03	6.398E+03	2.458E+01	2.217E+01	1.109E+00	4.300E-01	5.200E-01	9.000E-01	7.300E-01	1.689E+02	1.430E+02	1.015E+02	3.684E+01	1.013E+02	1.689E+02	1.100E-01	1.200E-01	1.700E-01	1.200E-01	2.000E-01	1.100E-01
3.410E+02	8.900E+01	2.084E+01	4.737E+03	6.440E+03	3.103E+01	1.505E+01	2.062E+00	8.700E-01	5.400E-01	4.900E-01	3.800E-01	1.784E+02	1.460E+02	1.006E+02	3.500E+01	1.111E+02	1.784E+02	1.300E-01	1.600E-01	2.300E-01	1.200E-01	2.300E-01	1.300E-01
3.450E+02	8.800E+01	2.096E+01	4.821E+03	6.443E+03	2.398E+01	2.205E+01	1.088E+00	3.900E-01	5.600E-01	9.200E-01	7.600E-01	1.913E+02	1.551E+02	1.046E+02	3.485E+01	1.164E+02	1.913E+02	1.600E-01	1.900E-01	2.700E-01	1.000E-01	2.200E-01	1.600E-01
2.730E+02	8.400E+01	1.864E+01	3.393E+03	4.866E+03	3.086E+01	1.157E+01	2.667E+00	9.300E-01	4.900E-01	3.700E-01	3.000E-01	1.756E+02	1.461E+02	1.037E+02	3.513E+01	1.034E+02	1.756E+02	1.100E-01	1.100E-01	1.500E-01	8.000E-02	1.800E-01	1.100E-01
3.760E+02	9.200E+01	2.188E+01	5.485E+03	7.341E+03	2.414E+01	2.258E+01	1.069E+00	3.500E-01	5.600E-01	9.400E-01	7.400E-01	1.925E+02	1.541E+02	1.007E+02	3.446E+01	1.219E+02	1.925E+02	1.400E-01	1.700E-01	2.600E-01	6.000E-02	2.200E-01	1.400E-01
2.080E+02	6.900E+01	1.627E+01	2.257E+03	3.046E+03	2.540E+01	1.083E+01	2.345E+00	9.000E-01	5.500E-01	4.300E-01	3.600E-01	1.810E+02	1.583E+02	1.183E+02	3.799E+01	8.799E+01	1.810E+02	1.200E-01	1.200E-01	1.800E-01	9.000E-02	2.400E-01	1.200E-01
3.050E+02	8.500E+01	1.971E+01	4.007E+03	5.501E+03	2.965E+01	1.350E+01	2.196E+00	8.900E-01	5.300E-01	4.600E-01	3.500E-01	1.875E+02	1.511E+02	1.010E+02	3.470E+01	1.166E+02	1.875E+02	1.300E-01	1.300E-01	2.000E-01	1.000E-01	2.200E-01	1.300E-01
2.980E+02	8.400E+01	1.948E+01	3.870E+03	5.312E+03	2.364E+01	2.084E+01	1.134E+00	4.700E-01	5.300E-01	8.800E-01	7.200E-01	1.889E+02	1.576E+02	1.108E+02	3.589E+01	1.046E+02	1.889E+02	1.300E-01	1.300E-01	1.700E-01	9.000E-02	2.100E-01	1.300E-01
2.510E+02	7.900E+01	1.788E+01	2.991E+03	4.208E+03	2.399E+01	1.800E+01	1.333E+00	6.600E-01	5.100E-01	7.500E-01	6.500E-01	1.716E+02	1.479E+02	1.084E+02	3.723E+01	9.358E+01	1.716E+02	1.000E-01	1.100E-01	1.400E-01	1.100E-01	1.600E-01	1.000E-01
1.240E+02	5.600E+01	1.257E+01	1.039E+03	1.474E+03	1.521E+01	1.335E+01	1.139E+00	4.800E-01	5.000E-01	8.800E-01	7.300E-01	1.660E+02	1.288E+02	8.023E+01	3.354E+01	1.324E+02	1.660E+02	1.100E-01	1.400E-01	2.400E-01	7.000E-02	1.600E-01	1.100E-01
2.310E+02	8.000E+01	1.715E+01	2.641E+03	3.922E+03	3.053E+01	1.166E+01	2.618E+00	9.200E-01	4.500E-01	3.800E-01	3.000E-01	1.781E+02	1.434E+02	9.532E+01	3.481E+01	1.181E+02	1.781E+02	1.100E-01	1.300E-01	2.000E-01	1.000E-01	2.000E-01	1.100E-01
2.170E+02	7.800E+01	1.662E+01	2.405E+03	3.592E+03	2.121E+01	1.995E+01	1.063E+00	3.400E-01	4.500E-01	9.400E-01	7.700E-01	1.902E+02	1.650E+02	1.219E+02	3.748E+01	9.171E+01	1.902E+02	1.300E-01	1.400E-01	1.700E-01	8.000E-02	1.500E-01	1.300E-01
2.950E+02	8.200E+01	1.938E+01	3.812E+03	5.133E+03	2.996E+01	1.288E+01	2.326E+00	9.000E-01	5.500E-01	4.300E-01	3.600E-01	1.859E+02	1.555E+02	1.132E+02	3.460E+01	9.840E+01	1.859E+02	1.200E-01	1.200E-01	1.700E-01	8.000E-02	2.500E-01	1.200E-01
1.520E+02	6.500E+01	1.391E+01	1.410E+03	2.097E+03	2.206E+01	1.161E+01	1.900E+00	8.500E-01	4.500E-01	5.300E-01	3.600E-01	1.829E+02	1.587E+02	1.153E+02	3.803E+01	9.418E+01	1.829E+02	1.300E-01	1.400E-01	1.600E-01	7.000E-02	1.300E-01	1.300E-01
2.880E+02	7.700E+01	1.915E+01	3.677E+03	4.706E+03	2.602E+01	1.493E+01	1.743E+00	8.200E-01	6.100E-01	5.700E-01	5.000E-01	1.906E+02	1.517E+02	1.022E+02	3.322E+01	1.193E+02	1.906E+02	1.500E-01	1.800E-01	2.600E-01	6.000E-02	1.800E-01	1.500E-01
3.220E+02	8.600E+01	2.025E+01	4.347E+03	5.876E+03	2.712E+01	1.795E+01	1.511E+00	7.500E-01	5.500E-01	6.600E-01	5.200E-01	1.754E+02	1.335E+02	7.866E+01	3.366E+01	1.417E+02	1.754E+02	1.400E-01	2.000E-01	3.500E-01	9.000E-02	2.200E-01	1.400E-01
3.370E+02	8.900E+01	2.071E+01	4.654E+03	6.365E+03	2.861E+01	1.781E+01	1.606E+00	7.800E-01	5.300E-01	6.200E-01	5.100E-01	1.845E+02	1.530E+02	1.039E+02	3.624E+01	1.119E+02	1.845E+02	1.300E-01	1.500E-01	2.100E-01	7.000E-02	1.600E-01	1.300E-01
2.260E+02	7.300E+01	1.696E+01	2.556E+03	3.501E+03	2.449E+01	1.350E+01	1.814E+00	8.300E-01	5.300E-01	5.500E-01	4.200E-01	1.676E+02	1.339E+02	9.127E+01	3.377E+01	1.145E+02	1.676E+02	1.000E-01	1.200E-01	2.100E-01	1.500E-01	2.600E-01	1.000E-01
2.720E+02	8.800E+01	1.861E+01	3.375E+03	5.079E+03	2.994E+01	1.524E+01	1.965E+00	8.600E-01	4.400E-01	5.100E-01	3.600E-01	1.827E+02	1.559E+02	1.132E+02	3.682E+01	9.627E+01	1.827E+02	1.100E-01	1.200E-01	1.900E-01	1.000E-01	2.800E-01	1.100E-01
3.260E+02	9.200E+01	2.037E+01	4.428E+03	6.365E+03	2.519E+01	2.309E+01	1.091E+00	4.000E-01	4.800E-01	9.200E-01	8.200E-01	2.000E+02	1.785E+02	1.356E+02	3.948E+01	8.224E+01	2.000E+02	1.400E-01	1.600E-01	2.100E-01	7.000E-02	2.600E-01	1.400E-01
3.330E+02	1.000E+02	2.059E+01	4.571E+03	7.066E+03	2.659E+01	2.418E+01	1.100E+00	4.200E-01	4.200E-01	9.100E-01	7.300E-01	1.832E+02	1.547E+02	1.140E+02	3.556E+01	9.612E+01	1.832E+02	1.100E-01	1.300E-01	1.900E-01	1.200E-01	2.400E-01	1.100E-01
2.680E+02	8.400E+01	1.847E+01	3.300E+03	4.777E+03	2.412E+01	1.941E+01	1.243E+00	5.900E-01	4.800E-01	8.000E-01	6.600E-01	1.789E+02	1.509E+02	1.089E+02	3.544E+01	9.999E+01	1.789E+02	1.100E-01	1.300E-01	1.900E-01	9.000E-02	2.000E-01	1.100E-01
3.020E+02	8.600E+01	1.961E+01	3.948E+03	5.511E+03	2.594E+01	1.852E+01	1.401E+00	7.000E-01	5.100E-01	7.100E-01	5.800E-01	1.857E+02	1.518E+02	1.000E+02	3.572E+01	1.187E+02	1.857E+02	1.300E-01	1.600E-01	2.500E-01	7.000E-02	1.900E-01	1.300E-01
3.250E+02	8.600E+01	2.034E+01	4.407E+03	5.931E+03	2.231E+01	2.197E+01	1.015E+00	1.800E-01	5.500E-01	9.800E-01	7.700E-01	1.880E+02	1.542E+02	1.050E+02	3.528E+01	1.138E+02	1.880E+02	1.400E-01	1.700E-01	2.500E-01	9.000E-02	2.000E-01	1.400E-01
3.180E+02	9.000E+01	2.012E+01	4.266E+03	6.073E+03	2.444E+01	2.225E+01	1.098E+00	4.100E-01	4.900E-01	9.100E-01	7.100E-01	1.782E+02	1.513E+02	1.113E+02	3.619E+01	9.554E+01	1.782E+02	1.200E-01	1.500E-01	2.000E-01	1.400E-01	2.600E-01	1.200E-01
2.740E+02	7.800E+01	1.868E+01	3.412E+03	4.535E+03	2.902E+01	1.284E+01	2.260E+00	9.000E-01	5.700E-01	4.400E-01	3.900E-01	1.765E+02	1.504E+02	1.131E+02	3.507E+01	9.087E+01	1.765E+02	1.200E-01	1.400E-01	1.600E-01	1.000E-01	2.100E-01	1.200E-01
2.720E+02	7.800E+01	1.861E+01	3.375E+03	4.502E+03	2.502E+01	1.742E+01	1.436E+00	7.200E-01	5.600E-01	7.000E-01	6.000E-01	1.925E+02	1.648E+02	1.201E+02	3.678E+01	9.733E+01	1.925E+02	1.700E-01	2.000E-01	2.800E-01	9.000E-02	2.700E-01	1.700E-01
3.680E+02	9.000E+01	2.165E+01	5.311E+03	7.028E+03	2.870E+01	1.704E+01	1.684E+00	8.000E-01	5.700E-01	5.900E-01	4.300E-01	1.864E+02	1.490E+02	9.558E+01	3.512E+01	1.253E+02	1.864E+02	1.500E-01	1.900E-01	3.200E-01	8.000E-02	2.600E-01	1.500E-01
2.000E+02	7.200E+01	1.596E+01	2.128E+03	3.056E+03	2.202E+01	1.557E+01	1.414E+00	7.100E-01	4.800E-01	7.100E-01	5.100E-01	1.708E+02	1.382E+02	8.948E+01	3.619E+01	1.199E+02	1.708E+02	1.300E-01	1.200E-01	1.800E-01	1.100E-01	2.200E-01	1.300E-01
2.730E+02	8.900E+01	1.864E+01	3.393E+03	5.156E+03	2.281E+01	2.217E+01	1.029E+00	2.300E-01	4.300E-01	9.700E-01	6.700E-01	1.814E+02	1.512E+02	1.078E+02	3.532E+01	1.024E+02	1.814E+02	1.300E-01	1.300E-01	1.600E-01	1.200E-01	2.000E-01	1.300E-01
3.600E+02	9.500E+01	2.141E+01	5.138E+03	7.257E+03	2.759E+01	2.248E+01	1.227E+00	5.800E-01	5.000E-01	8.100E-01	6.700E-01	2.003E+02	1.795E+02	1.408E+02	3.875E+01	7.532E+01	2.003E+02	1.500E-01	1.500E-01	1.600E-01	9.000E-02	1.400E-01	1.500E-01
2.390E+02	7.400E+01	1.744E+01	2.779E+03	3.753E+03	2.500E+01	1.408E+01	1.776E+00	8.300E-01	5.500E-01	5.600E-01	4.800E-01	1.809E+02	1.498E+02	1.035E+02	3.569E+01	1.104E+02	1.809E+02	1.500E-01	1.800E-01	3.000E-01	9.000E-02	2.700E-01	1.500E-01
2.370E+02	7.500E+01	1.737E+01	2.745E+03	3.772E+03	2.706E+01	1.206E+01	2.244E+00	9.000E-01	5.300E-01	4.500E-01	3.400E-01	1.721E+02	1.479E+02	1.138E+02	3.478E+01	8.597E+01	1.721E+02	1.000E-01	1.200E-01	1.500E-01	1.200E-01	2.000E-01	1.000E-01
3.580E+02	8.800E+01	2.135E+01	5.096E+03	6.685E+03	2.418E+01	2.263E+01	1.068E+00	3.500E-01	5.800E-01	9.400E-01	7.900E-01	1.862E+02	1.489E+02	9.470E+01	3.539E+01	1.250E+02	1.862E+02	1.400E-01	1.600E-01	2.600E-01	1.000E-01	2.300E-01	1.400E-01
3.540E+02	9.100E+01	2.123E+01	5.010E+03	6.836E+03	3.149E+01	1.545E+01	2.038E+00	8.700E-01	5.400E-01	4.900E-01	3.900E-01	1.710E+02	1.313E+02	7.691E+01	3.451E+01	1.397E+02	1.710E+02	1.400E-01	1.700E-01	3.200E-01	1.100E-01	2.400E-01	1.400E-01
3.040E+02	9.000E+01	1.967E+01	3.987E+03	5.806E+03	2.578E+01	2.149E+01	1.200E+00	5.500E-01	4.700E-01	8.300E-01	6.300E-01	1.828E+02	1.587E+02	1.209E+02	3.724E+01	8.524E+01	1.828E+02	1.300E-01	1.300E-01	1.600E-01	5.000E-01	2.500E-01	1.300E-01
2.790E+02	7.800E+01	1.885E+01	3.506E+03	4.618E+03	3.054E+01	1.184E+01	2.579E+00	9.200E-01	5.800E-01	3.900E-01	3.500E-01	1.838E+02	1.588E+02	1.184E+02	3.659E+01	9.084E+01	1.838E+02	1.300E-01	1.500E-01	1.700E-01	1.100E-01	1.300E-01	1.300E-01
3.340E+02	8.600E+01	2.062E+01	4.592E+03	6.095E+03	2.750E+01	1.778E+01	1.547E+00	7.600E-01	5.700E-01	6.500E-01	5.600E-01	1.774E+02	1.428E+02	9.094E+01	3.572E+01	1.248E+02	1.774E+02	1.400E-01	1.600E-01	2.600E-01	1.000E-01	2.100E-01	1.400E-01
3.490E+02	8.600E+01	2.108E+01	4.905E+03	6.369E+03	2.827E+01	1.628E+01	1.736E+00	8.200E-01	5.900E-01	5.800E-01	4.400E-01	1.814E+02	1.490E+02	1.006E+02	3.571E+01	1.136E+02	1.814E+02	1.300E-01	1.600E-01	2.400E-01	9.000E-02	2.300E-01	1.300E-01
3.610E+02	9.400E+01	2.144E+01	5.160E+03	7.201E+03	2.545E+01	2.353E+01	1.082E+00	3.800E-01	5.100E-01	9.200E-01	7.600E-01	1.797E+02	1.468E+02	1.015E+02	3.490E+01	1.113E+02	1.797E+02	1.500E-01	1.800E-01	2.600E-01	1.300E-01	2.500E-01	1.500E-01
2.540E+02	8.200E+01	1.798E+01	3.045E+03	4.420E+03	2.475E+01	1.770E+01	1.398E+00	7.000E-01	4.700E-01	7.100E-01	5.500E-01	1.664E+02	1.373E+02	9.663E+01	3.502E+01	1.058E+02	1.664E+02	1.200E-01	1.300E-01	1.800E-01	1.200E-01	2.400E-01	1.200E-01
1.810E+02	6.900E+01	1.518E+01	1.832E+03	2.650E+03	2.612E+01	1.026E+01	2.546E+00	9.200E-01	4.800E-01	3.900E-01	3.200E-01	1.697E+02	1.488E+02	1.126E+02	3.763E+01	8.621E+01	1.697E+02	1.400E-01	1.500E-01	1.900E-01	9.000E-02	1.600E-01	1.400E-01
2.960E+02	8.400E+01	1.941E+01	3.831E+03	5.276E+03	3.038E+01	1.267E+01	2.398E+00	9.100E-01	5.300E-01	4.200E-01	3.300E-01	1.648E+02	1.383E+02	1.009E+02	3.465E+01	9.832E+01	1.648E+02	1.100E-01	1.200E-01	1.500E-01	1.000E-01	1.800E-01	1.100E-01
1.680E+02	7.000E+01	1.463E+01	1.638E+03	2.496E+03	2.576E+01	9.810E+00	2.626E+00	9.200E-01	4.300E-01	3.800E-01	2.800E-01	1.782E+02	1.558E+02	1.166E+02	3.808E+01	8.692E+01	1.782E+02	1.500E-01	1.400E-01	1.800E-01	1.400E-01	2.500E-01	1.500E-01
2.440E+02	8.100E+01	1.763E+01	2.867E+03	4.194E+03	3.178E+01	1.004E+01	3.165E+00	9.500E-01	4.700E-01	3.200E-01	2.700E-01	1.653E+02	1.398E+02	9.640E+01	3.741E+01	1.068E+02	1.653E+02	1.300E-01	1.600E-01	2.100E-01	9.000E-02	1.700E-01	1.300E-01
1.850E+02	7.400E+01	1.535E+01	1.893E+03	2.905E+03	2.423E+01	1.501E+01	1.614E+00	7.800E-01	4.200E-01	6.200E-01	4.500E-01	1.629E+02	1.381E+02	1.035E+02	3.536E+01	9.207E+01	1.629E+02	1.000E-01	1.100E-01	1.800E-01	1.500E-01	2.800E-01	1.000E-01
2.470E+02	8.200E+01	1.773E+01	2.920E+03	4.298E+03	2.283E+01	2.067E+01	1.104E+00	4.300E-01	4.600E-01	9.100E-01	8.000E-01	1.639E+02	1.379E+02	9.836E+01	3.605E+01	1.019E+02	1.639E+02	1.200E-01	1.500E-01	2.100E-01	1.400E-01	2.400E-01	1.200E-01
2.270E+02	7.600E+01	1.700E+01	2.573E+03	3.661E+03	2.457E+01	1.451E+01	1.693E+00	8.100E-01	4.900E-01	5.900E-01	4.500E-01	1.616E+02	1.205E+02	7.115E+01	3.222E+01	1.437E+02	1.616E+02	1.600E-01	2.100E-01	3.500E-01	1.000E-01	2.100E-01	1.600E-01
2.310E+02	7.200E+01	1.715E+01	2.641E+03	3.529E+03	2.556E+01	1.176E+01	2.173E+00	8.900E-01	5.600E-01	4.600E-01	3.900E-01	1.658E+02	1.348E+02	9.316E+01	3.390E+01	1.126E+02	1.658E+02	1.500E-01	1.700E-01	2.400E-01	8.000E-02	1.700E-01	1.500E-01
3.320E+02	9.000E+01	2.056E+01	4.551E+03	6.341E+03	2.413E+01	2.229E+01	1.083E+00	3.800E-01	5.200E-01	9.200E-01	7.300E-01	1.601E+02	1.306E+02	8.551E+01	3.589E+01	1.193E+02	1.601E+02	1.300E-01	1.600E-01	2.500E-01	9.000E-02	2.200E-01	1.300E-01
2.200E+02	7.200E+01	1.674E+01	2.455E+03	3.361E+03	2.248E+01	1.607E+01	1.399E+00	7.000E-01	5.300E-01	7.100E-01	6.300E-01	1.569E+02	1.211E+02	7.432E+01	3.344E+01	1.345E+02	1.569E+02	1.300E-01	1.600E-01	2.400E-01	9.000E-02	1.600E-01	1.300E-01
2.970E+02	8.000E+01	1.945E+01	3.850E+03	5.042E+03	2.483E+01	1.693E+01	1.467E+00	7.300E-01	5.800E-01	6.800E-01	5.400E-01	1.648E+02	1.294E+02	8.163E+01	3.387E+01	1.299E+02	1.648E+02	1.400E-01	1.900E-01	3.100E-01	9.000E-02	2.100E-01	1.400E-01
2.350E+02	8.100E+01	1.730E+01	2.710E+03	4.039E+03	2.863E+01	1.356E+01	2.111E+00	8.800E-01	4.500E-01	4.700E-01	3.700E-01	1.428E+02	1.184E+02	8.631E+01	3.399E+01	1.016E+02	1.428E+02	1.200E-01	1.600E-01	2.300E-01	1.700E-01	2.400E-01	1.200E-01
3.340E+02	8.700E+01	2.062E+01	4.592E+03	6.166E+03	2.566E+01	1.940E+01	1.323E+00	6.500E-01	5.500E-01	7.600E-01	6.400E-01	1.644E+02	1.273E+02	7.820E+01	3.391E+01	1.349E+02	1.644E+02	1.800E-01	2.200E-01	3.400E-01	1.100E-01	2.200E-01	1.800E-01
3.020E+02	9.000E+01	1.961E+01	3.948E+03	5.768E+03	2.685E+01	1.982E+01	1.355E+00	6.700E-01	4.700E-01	7.400E-01	6.500E-01	1.574E+02	1.304E+02	8.973E+01	3.578E+01	1.097E+02	1.574E+02	1.300E-01	1.600E-01	2.300E-01	1.300E-01	2.300E-01	1.300E-01
2.470E+02	8.200E+01	1.773E+01	2.920E+03	4.298E+03	2.694E+01	1.694E+01	1.590E+00	7.800E-01	4.600E-01	6.300E-01	5.000E-01	1.609E+02	1.359E+02	9.626E+01	3.670E+01	1.017E+02	1.609E+02	1.300E-01	1.400E-01	1.700E-01	1.200E-01	1.800E-01	1.300E-01
3.500E+02	9.000E+01	2.111E+01	4.926E+03	6.685E+03	3.241E+01	1.516E+01	2.138E+00	8.800E-01	5.400E-01	4.700E-01	3.800E-01	1.626E+02	1.343E+02	8.929E+01	3.623E+01	1.154E+02	1.626E+02	1.000E-01	1.300E-01	2.200E-01	8.000E-02	1.900E-01	1.000E-01
3.690E+02	9.100E+01	2.168E+01	5.332E+03	7.126E+03	3.165E+01	1.489E+01	2.126E+00	8.800E-01	5.600E-01	4.700E-01	3.600E-01	1.720E+02	1.407E+02	8.847E+01	3.701E+01	1.253E+02	1.720E+02	1.500E-01	1.900E-01	2.800E-01	9.000E-02	1.900E-01	1.500E-01
2.990E+02	8.600E+01	1.951E+01	3.889E+03	5.457E+03	2.681E+01	1.738E+01	1.543E+00	7.600E-01	5.100E-01	6.500E-01	5.100E-01	1.668E+02	1.363E+02	9.045E+01	3.551E+01	1.178E+02	1.668E+02	1.400E-01	1.800E-01	2.600E-01	9.000E-02	2.000E-01	1.400E-01
2.660E+02	8.000E+01	1.840E+01	3.264E+03	4.516E+03	2.826E+01	1.405E+01	2.011E+00	8.700E-01	5.200E-01	5.000E-01	3.900E-01	1.609E+02	1.284E+02	8.776E+01	3.325E+01	1.158E+02	1.609E+02	1.200E-01	1.400E-01	2.300E-01	1.200E-01	2.200E-01	1.200E-01
3.170E+02	8.200E+01	2.009E+01	4.246E+03	5.516E+03	2.770E+01	1.572E+01	1.762E+00	8.200E-01	5.900E-01	5.700E-01	4.700E-01	1.599E+02	1.248E+02	7.765E+01	3.407E+01	1.324E+02	1.599E+02	1.300E-01	1.800E-01	3.000E-01	9.000E-02	2.000E-01	1.300E-01
2.810E+02	7.800E+01	1.892E+01	3.543E+03	4.651E+03	2.753E+01	1.384E+01	1.989E+00	8.600E-01	5.800E-01	5.000E-01	4.200E-01	1.541E+02	1.212E+02	7.901E+01	3.375E+01	1.259E+02	1.541E+02	1.300E-01	2.000E-01	3.600E-01	1.100E-01	2.900E-01	1.300E-01
2.140E+02	7.200E+01	1.651E+01	2.355E+03	3.270E+03	2.744E+01	1.020E+01	2.690E+00	9.300E-01	5.200E-01	3.700E-01	3.000E-01	1.558E+02	1.232E+02	8.169E+01	3.350E+01	1.200E+02	1.558E+02	1.000E-01	1.000E-01	1.900E-01	9.000E-02	2.200E-01	1.000E-01
2.920E+02	7.900E+01	1.928E+01	3.754E+03	4.895E+03	2.636E+01	1.504E+01	1.753E+00	8.200E-01	5.900E-01	5.700E-01	5.000E-01	1.731E+02	1.299E+02	8.134E+01	3.152E+01	1.359E+02	1.731E+02	1.700E-01	2.100E-01	3.100E-01	1.000E-01	2.000E-01	1.700E-01
2.890E+02	7.900E+01	1.918E+01	3.696E+03	4.845E+03	2.747E+01	1.445E+01	1.901E+00	8.500E-01	5.800E-01	5.300E-01	4.400E-01	1.654E+02	1.375E+02	9.459E+01	3.583E+01	1.105E+02	1.654E+02	1.400E-01	1.700E-01	2.700E-01	8.000E-02	2.300E-01	1.400E-01
3.020E+02	8.600E+01	1.961E+01	3.948E+03	5.511E+03	2.324E+01	2.169E+01	1.071E+00	3.600E-01	5.100E-01	9.300E-01	8.500E-01	1.669E+02	1.305E+02	8.357E+01	3.363E+01	1.282E+02	1.669E+02	1.500E-01	2.000E-01	3.200E-01	1.000E-01	2.500E-01	1.500E-01
3.570E+02	8.400E+01	2.132E+01	5.074E+03	6.364E+03	2.967E+01	1.569E+01	1.891E+00	8.500E-01	6.400E-01	5.300E-01	4.500E-01	1.758E+02	1.427E+02	9.499E+01	3.492E+01	1.185E+02	1.758E+02	1.500E-01	1.800E-01	2.800E-01	7.000E-02	2.200E-01	1.500E-01
2.880E+02	9.000E+01	1.915E+01	3.677E+03	5.500E+03	3.005E+01	1.507E+01	1.994E+00	8.700E-01	4.500E-01	5.000E-01	3.400E-01	1.542E+02	1.283E+02	9.337E+01	3.406E+01	1.002E+02	1.542E+02	1.000E-01	1.100E-01	1.600E-01	1.100E-01	1.800E-01	1.000E-01
3.180E+02	8.800E+01	2.012E+01	4.266E+03	5.938E+03	2.307E+01	2.225E+01	1.037E+00	2.700E-01	5.200E-01	9.600E-01	7.600E-01	1.609E+02	1.180E+02	6.767E+01	3.207E+01	1.490E+02	1.609E+02	1.400E-01	2.000E-01	3.700E-01	1.000E-01	2.000E-01	1.400E-01
2.620E+02	8.000E+01	1.826E+01	3.190E+03	4.448E+03	2.799E+01	1.244E+01	2.250E+00	9.000E-01	5.100E-01	4.400E-01	3.700E-01	1.540E+02	1.309E+02	9.771E+01	3.488E+01	9.499E+01	1.540E+02	1.600E-01	1.900E-01	2.600E-01	1.300E-01	2.500E-01	1.600E-01
2.970E+02	7.800E+01	1.945E+01	3.850E+03	4.916E+03	2.773E+01	1.415E+01	1.960E+00	8.600E-01	6.100E-01	5.100E-01	4.300E-01	1.613E+02	1.307E+02	8.435E+01	3.551E+01	1.229E+02	1.613E+02	1.400E-01	1.800E-01	2.700E-01	9.000E-02	1.900E-01	1.400E-01
3.020E+02	8.600E+01	1.961E+01	3.948E+03	5.511E+03	3.012E+01	1.360E+01	2.215E+00	8.900E-01	5.100E-01	4.500E-01	3.400E-01	1.748E+02	1.403E+02	9.362E+01	3.426E+01	1.182E+02	1.748E+02	1.300E-01	1.600E-01	2.400E-01	1.000E-01	2.400E-01	1.300E-01
3.660E+02	8.600E+01	2.159E+01	5.267E+03	6.679E+03	2.812E+01	1.738E+01	1.618E+00	7.900E-01	6.200E-01	6.200E-01	5.300E-01	1.742E+02	1.411E+02	9.567E+01	3.429E+01	1.166E+02	1.742E+02	1.700E-01	2.000E-01	2.800E-01	8.000E-02	1.900E-01	1.700E-01
3.400E+02	8.800E+01	2.081E+01	4.716E+03	6.349E+03	2.546E+01	2.161E+01	1.178E+00	5.300E-01	5.500E-01	8.500E-01	6.900E-01	1.731E+02	1.365E+02	8.951E+01	3.346E+01	1.236E+02	1.731E+02	1.400E-01	1.700E-01	2.300E-01	1.000E-01	1.600E-01	1.400E-01
3.430E+02	8.800E+01	2.090E+01	4.779E+03	6.405E+03	2.849E+01	1.781E+01	1.600E+00	7.800E-01	5.600E-01	6.300E-01	5.200E-01	1.674E+02	1.352E+02	8.675E+01	3.545E+01	1.250E+02	1.674E+02	1.500E-01	2.000E-01	3.000E-01	9.000E-02	2.000E-01	1.500E-01
1.980E+02	7.500E+01	1.588E+01	2.096E+03	3.151E+03	2.745E+01	9.910E+00	2.770E+00	9.300E-01	4.400E-01	3.600E-01	2.800E-01	1.588E+02	1.333E+02	9.810E+01	3.428E+01	9.659E+01	1.588E+02	1.100E-01	1.100E-01	1.300E-01	1.100E-01	1.600E-01	1.100E-01
3.820E+02	8.900E+01	2.205E+01	5.616E+03	7.215E+03	2.590E+01	2.125E+01	1.219E+00	5.700E-01	6.100E-01	8.200E-01	7.400E-01	1.754E+02	1.405E+02	9.202E+01	3.483E+01	1.207E+02	1.754E+02	1.500E-01	1.700E-01	2.500E-01	1.000E-01	2.400E-01	1.500E-01
2.520E+02	7.500E+01	1.791E+01	3.009E+03	4.011E+03	2.641E+01	1.289E+01	2.049E+00	8.700E-01	5.600E-01	4.900E-01	4.200E-01	1.671E+02	1.299E+02	8.054E+01	3.381E+01	1.340E+02	1.671E+02	1.800E-01	2.300E-01	3.500E-01	9.000E-02	2.000E-01	1.800E-01
3.520E+02	9.600E+01	2.117E+01	4.968E+03	7.171E+03	2.790E+01	2.156E+01	1.294E+00	6.300E-01	4.800E-01	7.700E-01	6.300E-01	1.906E+02	1.661E+02	1.218E+02	3.814E+01	9.246E+01	1.906E+02	1.600E-01	1.700E-01	2.100E-01	1.000E-01	1.700E-01	1.600E-01
3.540E+02	9.000E+01	2.123E+01	5.010E+03	6.761E+03	2.510E+01	2.189E+01	1.147E+00	4.900E-01	5.500E-01	8.700E-01	7.800E-01	1.713E+02	1.388E+02	9.411E+01	3.445E+01	1.160E+02	1.713E+02	1.400E-01	1.900E-01	2.600E-01	1.000E-01	1.900E-01	1.400E-01
3.490E+02	8.400E+01	2.108E+01	4.905E+03	6.221E+03	2.797E+01	1.601E+01	1.747E+00	8.200E-01	6.200E-01	5.700E-01	4.900E-01	1.707E+02	1.299E+02	7.652E+01	3.350E+01	1.412E+02	1.707E+02	1.400E-01	1.700E-01	3.000E-01	6.000E-02	2.100E-01	1.400E-01
2.960E+02	8.600E+01	1.941E+01	3.831E+03	5.402E+03	2.489E+01	1.942E+01	1.282E+00	6.300E-01	5.000E-01	7.800E-01	6.600E-01	1.500E+02	1.152E+02	6.988E+01	3.356E+01	1.354E+02	1.500E+02	1.100E-01	1.200E-01	1.900E-01	8.000E-02	1.500E-01	1.100E-01
3.310E+02	9.000E+01	2.053E+01	4.530E+03	6.322E+03	2.458E+01	2.153E+01	1.142E+00	4.800E-01	5.100E-01	8.800E-01	7.600E-01	1.598E+02	1.257E+02	7.901E+01	3.439E+01	1.287E+02	1.598E+02	1.300E-01	1.400E-01	2.500E-01	9.000E-02	2.100E-01	1.300E-01
3.610E+02	8.500E+01	2.144E+01	5.160E+03	6.512E+03	2.919E+01	1.594E+01	1.831E+00	8.400E-01	6.300E-01	5.500E-01	4.600E-01	1.679E+02	1.282E+02	7.931E+01	3.269E+01	1.348E+02	1.679E+02	1.500E-01	1.900E-01	2.900E-01	9.000E-02	2.000E-01	1.500E-01
2.300E+02	8.100E+01	1.711E+01	2.624E+03	3.953E+03	2.340E+01	1.889E+01	1.239E+00	5.900E-01	4.400E-01	8.100E-01	6.500E-01	1.630E+02	1.376E+02	9.867E+01	3.585E+01	1.007E+02	1.630E+02	1.500E-01	1.700E-01	2.000E-01	9.000E-02	1.600E-01	1.500E-01
3.200E+02	8.900E+01	2.019E+01	4.306E+03	6.044E+03	2.500E+01	1.882E+01	1.328E+00	6.600E-01	5.100E-01	7.500E-01	6.300E-01	1.630E+02	1.253E+02	7.605E+01	3.411E+01	1.368E+02	1.630E+02	1.200E-01	1.700E-01	3.200E-01	1.100E-01	2.500E-01	1.200E-01
1.660E+02	7.700E+01	1.454E+01	1.609E+03	2.712E+03	2.134E+01	2.001E+01	1.066E+00	3.500E-01	3.500E-01	9.400E-01	7.700E-01	1.465E+02	1.084E+02	6.601E+01	3.149E+01	1.410E+02	1.465E+02	1.200E-01	1.800E-01	3.400E-01	1.100E-01	2.300E-01	1.200E-01
2.860E+02	8.300E+01	1.908E+01	3.638E+03	5.037E+03	2.431E+01	1.901E+01	1.279E+00	6.200E-01	5.200E-01	7.800E-01	6.100E-01	1.640E+02	1.296E+02	7.720E+01	3.578E+01	1.350E+02	1.640E+02	1.200E-01	1.500E-01	2.300E-01	6.000E-02	1.600E-01	1.200E-01
3.360E+02	9.000E+01	2.068E+01	4.633E+03	6.417E+03	2.644E+01	2.077E+01	1.273E+00	6.200E-01	5.200E-01	7.900E-01	6.700E-01	1.656E+02	1.344E+02	8.742E+01	3.548E+01	1.218E+02	1.656E+02	1.400E-01	1.800E-01	2.800E-01	7.000E-02	2.000E-01	1.400E-01
2.180E+02	8.600E+01	1.666E+01	2.421E+03	3.978E+03	2.334E+01	2.072E+01	1.126E+00	4.600E-01	3.700E-01	8.900E-01	7.800E-01	1.729E+02	1.422E+02	9.858E+01	3.503E+01	1.090E+02	1.729E+02	1.200E-01	1.300E-01	1.800E-01	7.000E-02	1.900E-01	1.200E-01
3.150E+02	8.200E+01	2.003E+01	4.206E+03	5.481E+03	2.739E+01	1.507E+01	1.818E+00	8.300E-01	5.900E-01	5.500E-01	4.500E-01	1.598E+02	1.212E+02	7.484E+01	3.238E+01	1.360E+02	1.598E+02	1.400E-01	1.700E-01	2.600E-01	6.000E-02	1.800E-01	1.400E-01
2.520E+02	7.800E+01	1.791E+01	3.009E+03	4.171E+03	2.549E+01	1.641E+01	1.553E+00	7.700E-01	5.200E-01	6.400E-01	5.100E-01	1.588E+02	1.267E+02	7.862E+01	3.562E+01	1.281E+02	1.588E+02	1.200E-01	1.400E-01	2.300E-01	8.000E-02	2.100E-01	1.200E-01
2.960E+02	8.600E+01	1.941E+01	3.831E+03	5.402E+03	2.360E+01	2.158E+01	1.094E+00	4.100E-01	5.000E-01	9.100E-01	7.800E-01	1.621E+02	1.307E+02	8.802E+01	3.433E+01	1.157E+02	1.621E+02	1.200E-01	1.400E-01	2.300E-01	1.000E-01	2.600E-01	1.200E-01
2.650E+02	7.600E+01	1.837E+01	3.245E+03	4.274E+03	2.692E+01	1.268E+01	2.123E+00	8.800E-01	5.800E-01	4.700E-01	3.900E-01	1.611E+02	1.338E+02	9.346E+01	3.537E+01	1.063E+02	1.611E+02	1.100E-01	1.100E-01	1.800E-01	1.200E-01	2.200E-01	1.100E-01
2.640E+02	7.900E+01	1.833E+01	3.227E+03	4.426E+03	2.050E+01	2.036E+01	1.007E+00	1.200E-01	5.300E-01	9.900E-01	8.200E-01	1.474E+02	1.124E+02	6.631E+01	3.378E+01	1.400E+02	1.474E+02	9.000E-02	1.200E-01	2.600E-01	8.000E-02	1.900E-01	9.000E-02
2.560E+02	7.800E+01	1.805E+01	3.081E+03	4.237E+03	2.844E+01	1.238E+01	2.297E+00	9.000E-01	5.300E-01	4.400E-01	3.700E-01	1.683E+02	1.413E+02	1.015E+02	3.551E+01	1.013E+02	1.683E+02	1.400E-01	1.500E-01	1.800E-01	1.200E-01	1.700E-01	1.400E-01
4.110E+02	9.400E+01	2.288E+01	6.268E+03	8.198E+03	2.737E+01	2.109E+01	1.298E+00	6.400E-01	5.800E-01	7.700E-01	6.300E-01	1.614E+02	1.261E+02	8.044E+01	3.358E+01	1.272E+02	1.614E+02	1.100E-01	1.400E-01	2.600E-01	1.000E-01	2.500E-01	1.100E-01
1.460E+02	7.200E+01	1.363E+01	1.327E+03	2.231E+03	2.003E+01	1.776E+01	1.128E+00	4.600E-01	3.500E-01	8.900E-01	6.800E-01	1.558E+02	1.210E+02	7.798E+01	3.290E+01	1.267E+02	1.558E+02	1.200E-01	1.400E-01	2.000E-01	1.000E-01	1.700E-01	1.200E-01
3.320E+02	9.200E+01	2.056E+01	4.551E+03	6.482E+03	2.450E+01	2.361E+01	1.038E+00	2.700E-01	4.900E-01	9.600E-01	7.800E-01	1.917E+02	1.659E+02	1.282E+02	3.503E+01	8.450E+01	1.917E+02	1.600E-01	1.700E-01	2.000E-01	1.100E-01	1.800E-01	1.600E-01
2.220E+02	8.400E+01	1.681E+01	2.488E+03	3.957E+03	2.376E+01	1.931E+01	1.230E+00	5.800E-01	4.000E-01	8.100E-01	6.300E-01	1.650E+02	1.365E+02	9.682E+01	3.447E+01	1.054E+02	1.650E+02	1.400E-01	1.600E-01	1.900E-01	9.000E-02	1.500E-01	1.400E-01
3.270E+02	8.600E+01	2.040E+01	4.448E+03	5.968E+03	2.777E+01	1.538E+01	1.806E+00	8.300E-01	5.600E-01	5.500E-01	4.600E-01	1.548E+02	1.219E+02	7.885E+01	3.352E+01	1.248E+02	1.548E+02	1.300E-01	1.500E-01	2.300E-01	8.000E-02	2.000E-01	1.300E-01
3.860E+02	9.200E+01	2.217E+01	5.705E+03	7.536E+03	2.832E+01	1.936E+01	1.463E+00	7.300E-01	5.700E-01	6.800E-01	5.800E-01	1.736E+02	1.340E+02	8.299E+01	3.352E+01	1.329E+02	1.736E+02	1.200E-01	1.400E-01	2.400E-01	8.000E-02	2.000E-01	1.200E-01
3.740E+02	9.400E+01	2.182E+01	5.441E+03	7.460E+03	2.427E+01	2.342E+01	1.036E+00	2.600E-01	5.300E-01	9.700E-01	8.100E-01	1.682E+02	1.343E+02	8.706E+01	3.459E+01	1.240E+02	1.682E+02	1.400E-01	1.800E-01	2.700E-01	9.000E-02	2.000E-01	1.400E-01
2.840E+02	8.200E+01	1.902E+01	3.600E+03	4.942E+03	3.012E+01	1.238E+01	2.433E+00	9.100E-01	5.300E-01	4.100E-01	3.500E-01	1.636E+02	1.348E+02	9.388E+01	3.497E+01	1.085E+02	1.636E+02	1.200E-01	1.500E-01	2.000E-01	9.000E-02	2.000E-01	1.200E-01
3.770E+02	9.100E+01	2.191E+01	5.507E+03	7.280E+03	2.817E+01	1.796E+01	1.568E+00	7.700E-01	5.700E-01	6.400E-01	5.200E-01	1.728E+02	1.334E+02	8.573E+01	3.274E+01	1.284E+02	1.728E+02	1.500E-01	1.700E-01	2.600E-01	9.000E-02	2.200E-01	1.500E-01
3.350E+02	8.800E+01	2.065E+01	4.612E+03	6.256E+03	2.831E+01	1.623E+01	1.744E+00	8.200E-01	5.400E-01	5.700E-01	4.400E-01	1.658E+02	1.246E+02	7.141E+01	3.342E+01	1.450E+02	1.658E+02	1.500E-01	1.800E-01	3.300E-01	8.000E-02	2.300E-01	1.500E-01
3.620E+02	9.000E+01	2.147E+01	5.181E+03	6.914E+03	2.738E+01	2.039E+01	1.343E+00	6.700E-01	5.600E-01	7.400E-01	6.400E-01	1.717E+02	1.294E+02	7.935E+01	3.224E+01	1.377E+02	1.717E+02	1.400E-01	1.800E-01	3.000E-01	8.000E-02	2.100E-01	1.400E-01
2.790E+02	8.100E+01	1.885E+01	3.506E+03	4.796E+03	2.872E+01	1.357E+01	2.116E+00	8.800E-01	5.300E-01	4.700E-01	4.000E-01	1.635E+02	1.316E+02	8.789E+01	3.427E+01	1.194E+02	1.635E+02	1.300E-01	1.800E-01	2.800E-01	8.000E-02	2.200E-01	1.300E-01
1.550E+02	6.300E+01	1.405E+01	1.452E+03	2.072E+03	2.112E+01	1.090E+01	1.938E+00	8.600E-01	4.900E-01	5.200E-01	3.800E-01	1.616E+02	1.390E+02	1.013E+02	3.713E+01	9.442E+01	1.616E+02	1.200E-01	1.200E-01	1.700E-01	1.300E-01	2.500E-01	1.200E-01
3.600E+02	9.100E+01	2.141E+01	5.138E+03	6.952E+03	2.717E+01	1.982E+01	1.371E+00	6.800E-01	5.500E-01	7.300E-01	6.000E-01	1.740E+02	1.421E+02	9.633E+01	3.498E+01	1.150E+02	1.740E+02	1.500E-01	1.800E-01	2.700E-01	7.000E-02	2.100E-01	1.500E-01
2.360E+02	8.000E+01	1.733E+01	2.727E+03	4.006E+03	2.352E+01	1.772E+01	1.327E+00	6.600E-01	4.600E-01	7.500E-01	6.200E-01	1.666E+02	1.392E+02	1.016E+02	3.476E+01	9.914E+01	1.666E+02	1.000E-01	1.200E-01	1.800E-01	1.100E-01	2.200E-01	1.000E-01
1.490E+02	6.100E+01	1.377E+01	1.368E+03	1.929E+03	1.945E+01	1.256E+01	1.549E+00	7.600E-01	5.000E-01	6.500E-01	4.300E-01	1.528E+02	1.208E+02	8.094E+01	3.291E+01	1.202E+02	1.528E+02	1.200E-01	1.600E-01	2.300E-01	1.000E-01	1.700E-01	1.200E-01
2.410E+02	7.400E+01	1.752E+01	2.814E+03	3.784E+03	1.976E+01	1.933E+01	1.022E+00	2.100E-01	5.500E-01	9.800E-01	7.700E-01	1.697E+02	1.415E+02	9.761E+01	3.675E+01	1.120E+02	1.697E+02	1.900E-01	2.500E-01	3.900E-01	1.300E-01	3.100E-01	1.900E-01
3.500E+02	8.400E+01	2.111E+01	4.926E+03	6.239E+03	2.728E+01	1.638E+01	1.665E+00	8.000E-01	6.200E-01	6.000E-01	5.000E-01	1.581E+02	1.235E+02	7.425E+01	3.505E+01	1.354E+02	1.581E+02	1.000E-01	1.400E-01	2.600E-01	9.000E-02	1.900E-01	1.000E-01
2.260E+02	7.900E+01	1.696E+01	2.556E+03	3.789E+03	2.391E+01	1.702E+01	1.405E+00	7.000E-01	4.600E-01	7.100E-01	5.800E-01	1.575E+02	1.242E+02	8.418E+01	3.249E+01	1.182E+02	1.575E+02	1.300E-01	1.600E-01	2.800E-01	1.200E-01	2.800E-01	1.300E-01
2.770E+02	8.500E+01	1.878E+01	3.468E+03	4.996E+03	2.592E+01	1.799E+01	1.441E+00	7.200E-01	4.800E-01	6.900E-01	4.900E-01	1.601E+02	1.268E+02	8.186E+01	3.421E+01	1.241E+02	1.601E+02	1.300E-01	1.500E-01	2.400E-01	9.000E-02	2.200E-01	1.300E-01
3.260E+02	8.700E+01	2.037E+01	4.428E+03	6.019E+03	2.492E+01	1.946E+01	1.281E+00	6.200E-01	5.400E-01	7.800E-01	6.500E-01	1.667E+02	1.365E+02	9.154E+01	3.527E+01	1.163E+02	1.667E+02	1.400E-01	1.800E-01	2.700E-01	9.000E-02	2.100E-01	1.400E-01
3.130E+02	8.200E+01	1.996E+01	4.166E+03	5.446E+03	2.624E+01	1.696E+01	1.547E+00	7.600E-01	5.800E-01	6.500E-01	5.400E-01	1.659E+02	1.262E+02	7.727E+01	3.286E+01	1.367E+02	1.659E+02	1.200E-01	1.600E-01	2.700E-01	9.000E-02	1.900E-01	1.200E-01
3.990E+02	9.600E+01	2.254E+01	5.995E+03	8.128E+03	2.698E+01	2.179E+01	1.238E+00	5.900E-01	5.400E-01	8.100E-01	7.800E-01	1.776E+02	1.416E+02	9.335E+01	3.405E+01	1.216E+02	1.776E+02	1.500E-01	1.800E-01	2.700E-01	8.000E-02	2.000E-01	1.500E-01
3.470E+02	9.200E+01	2.102E+01	4.862E+03	6.774E+03	2.926E+01	1.878E+01	1.558E+00	7.700E-01	5.200E-01	6.400E-01	5.100E-01	1.587E+02	1.270E+02	8.693E+01	3.329E+01	1.159E+02	1.587E+02	1.200E-01	1.600E-01	2.500E-01	1.000E-01	2.300E-01	1.200E-01
3.230E+02	8.900E+01	2.028E+01	4.367E+03	6.100E+03	2.383E+01	2.268E+01	1.051E+00	3.100E-01	5.100E-01	9.500E-01	7.700E-01	1.692E+02	1.422E+02	9.976E+01	3.624E+01	1.058E+02	1.692E+02	1.500E-01	1.800E-01	2.400E-01	9.000E-02	1.800E-01	1.500E-01
2.730E+02	8.000E+01	1.864E+01	3.393E+03	4.635E+03	2.896E+01	1.304E+01	2.221E+00	8.900E-01	5.400E-01	4.500E-01	3.600E-01	1.562E+02	1.315E+02	9.371E+01	3.547E+01	1.019E+02	1.562E+02	1.500E-01	1.800E-01	2.000E-01	1.300E-01	1.700E-01	1.500E-01
3.630E+02	9.200E+01	2.150E+01	5.203E+03	7.087E+03	2.557E+01	2.178E+01	1.174E+00	5.200E-01	5.400E-01	8.500E-01	7.600E-01	1.700E+02	1.406E+02	9.487E+01	3.605E+01	1.136E+02	1.700E+02	1.500E-01	1.800E-01	2.400E-01	8.000E-02	1.700E-01	1.500E-01
2.910E+02	8.000E+01	1.925E+01	3.734E+03	4.940E+03	2.791E+01	1.365E+01	2.045E+00	8.700E-01	5.700E-01	4.900E-01	4.200E-01	1.655E+02	1.315E+02	8.593E+01	3.398E+01	1.232E+02	1.655E+02	1.400E-01	1.800E-01	2.600E-01	8.000E-02	1.900E-01	1.400E-01
2.120E+02	7.000E+01	1.643E+01	2.322E+03	3.149E+03	2.559E+01	1.182E+01	2.165E+00	8.900E-01	5.400E-01	4.600E-01	3.700E-01	1.608E+02	1.300E+02	8.502E+01	3.513E+01	1.206E+02	1.608E+02	1.300E-01	1.600E-01	2.300E-01	8.000E-02	1.800E-01	1.300E-01
2.810E+02	9.000E+01	1.892E+01	3.543E+03	5.367E+03	2.427E+01	2.290E+01	1.060E+00	3.300E-01	4.400E-01	9.400E-01	8.500E-01	1.692E+02	1.419E+02	1.048E+02	3.458E+01	9.565E+01	1.692E+02	1.100E-01	1.100E-01	1.400E-01	1.100E-01	2.300E-01	1.100E-01
1.910E+02	7.300E+01	1.559E+01	1.986E+03	2.959E+03	2.407E+01	1.435E+01	1.677E+00	8.000E-01	4.500E-01	6.000E-01	4.400E-01	1.623E+02	1.354E+02	9.399E+01	3.592E+01	1.066E+02	1.623E+02	1.300E-01	1.300E-01	2.000E-01	1.100E-01	2.400E-01	1.300E-01
2.510E+02	7.800E+01	1.788E+01	2.991E+03	4.155E+03	2.439E+01	1.731E+01	1.409E+00	7.000E-01	5.200E-01	7.100E-01	6.200E-01	1.499E+02	1.240E+02	8.873E+01	3.406E+01	1.043E+02	1.499E+02	1.100E-01	1.300E-01	2.000E-01	1.100E-01	1.900E-01	1.100E-01
3.280E+02	8.100E+01	2.044E+01	4.469E+03	5.638E+03	2.637E+01	1.619E+01	1.629E+00	7.900E-01	6.300E-01	6.100E-01	4.900E-01	1.749E+02	1.337E+02	7.863E+01	3.384E+01	1.396E+02	1.749E+02	1.400E-01	1.600E-01	2.600E-01	6.000E-02	2.000E-01	1.400E-01
4.460E+02	1.000E+02	2.383E+01	7.085E+03	9.464E+03	3.306E+01	1.859E+01	1.778E+00	8.300E-01	5.600E-01	5.600E-01	4.600E-01	1.643E+02	1.322E+02	8.691E+01	3.484E+01	1.207E+02	1.643E+02	1.500E-01	1.800E-01	2.600E-01	1.000E-01	2.000E-01	1.500E-01
2.710E+02	8.400E+01	1.858E+01	3.356E+03	4.831E+03	2.857E+01	1.355E+01	2.108E+00	8.800E-01	4.800E-01	4.700E-01	3.700E-01	1.557E+02	1.267E+02	8.872E+01	3.372E+01	1.090E+02	1.557E+02	1.200E-01	1.400E-01	2.200E-01	1.200E-01	2.600E-01	1.200E-01
3.010E+02	8.500E+01	1.958E+01	3.928E+03	5.429E+03	3.032E+01	1.315E+01	2.306E+00	9.000E-01	5.200E-01	4.300E-01	3.700E-01	1.552E+02	1.212E+02	7.546E+01	3.431E+01	1.302E+02	1.552E+02	1.400E-01	1.500E-01	2.900E-01	1.000E-01	2.600E-01	1.400E-01
2.500E+02	8.400E+01	1.784E+01	2.974E+03	4.456E+03	2.467E+01	1.848E+01	1.335E+00	6.600E-01	4.500E-01	7.500E-01	5.800E-01	1.458E+02	1.180E+02	8.419E+01	3.290E+01	1.081E+02	1.458E+02	1.300E-01	1.300E-01	2.200E-01	1.600E-01	1.900E-01	1.300E-01
1.810E+02	6.600E+01	1.518E+01	1.832E+03	2.535E+03	2.298E+01	1.218E+01	1.887E+00	8.500E-01	5.200E-01	5.300E-01	4.500E-01	1.559E+02	1.292E+02	9.300E+01	3.429E+01	1.022E+02	1.559E+02	1.100E-01	1.200E-01	1.600E-01	9.000E-02	1.900E-01	1.100E-01
3.070E+02	8.200E+01	1.977E+01	4.046E+03	5.342E+03	2.575E+01	1.755E+01	1.467E+00	7.300E-01	5.700E-01	6.800E-01	5.700E-01	1.680E+02	1.367E+02	9.269E+01	3.460E+01	1.149E+02	1.680E+02	1.400E-01	1.700E-01	2.100E-01	7.000E-02	1.500E-01	1.400E-01
3.690E+02	9.100E+01	2.168E+01	5.332E+03	7.126E+03	2.981E+01	1.720E+01	1.733E+00	8.200E-01	5.600E-01	5.800E-01	4.400E-01	1.655E+02	1.326E+02	8.931E+01	3.390E+01	1.173E+02	1.655E+02	1.500E-01	1.700E-01	2.400E-01	9.000E-02	2.200E-01	1.500E-01
3.760E+02	8.700E+01	2.188E+01	5.485E+03	6.942E+03	2.821E+01	1.760E+01	1.603E+00	7.800E-01	6.200E-01	6.200E-01	4.900E-01	1.761E+02	1.401E+02	9.220E+01	3.395E+01	1.221E+02	1.761E+02	1.600E-01	1.800E-01	2.600E-01	8.000E-02	2.000E-01	1.600E-01
2.330E+02	8.000E+01	1.722E+01	2.675E+03	3.956E+03	2.172E+01	2.011E+01	1.080E+00	3.800E-01	4.600E-01	9.300E-01	8.300E-01	1.549E+02	1.288E+02	9.540E+01	3.318E+01	9.799E+01	1.549E+02	1.000E-01	1.200E-01	1.600E-01	1.000E-01	1.600E-01	1.000E-01
3.520E+02	8.800E+01	2.117E+01	4.968E+03	6.573E+03	3.014E+01	1.518E+01	1.986E+00	8.600E-01	5.700E-01	5.000E-01	3.900E-01	1.656E+02	1.325E+02	8.831E+01	3.405E+01	1.194E+02	1.656E+02	1.100E-01	1.500E-01	2.400E-01	1.000E-01	2.200E-01	1.100E-01
2.500E+02	8.000E+01	1.784E+01	2.974E+03	4.244E+03	2.548E+01	1.701E+01	1.498E+00	7.400E-01	4.900E-01	6.700E-01	5.000E-01	1.637E+02	1.318E+02	9.058E+01	3.353E+01	1.142E+02	1.637E+02	1.100E-01	1.500E-01	2.200E-01	9.000E-02	1.800E-01	1.100E-01
3.130E+02	8.700E+01	1.996E+01	4.166E+03	5.779E+03	2.827E+01	1.636E+01	1.728E+00	8.200E-01	5.200E-01	5.800E-01	3.800E-01	1.630E+02	1.274E+02	8.018E+01	3.395E+01	1.297E+02	1.630E+02	1.300E-01	1.600E-01	2.700E-01	8.000E-02	2.200E-01	1.300E-01
3.210E+02	8.600E+01	2.022E+01	4.326E+03	5.858E+03	2.505E+01	1.916E+01	1.307E+00	6.400E-01	5.500E-01	7.600E-01	6.400E-01	1.589E+02	1.315E+02	9.624E+01	3.334E+01	1.002E+02	1.589E+02	1.200E-01	1.400E-01	2.000E-01	1.100E-01	2.400E-01	1.200E-01
2.420E+02	7.900E+01	1.755E+01	2.832E+03	4.057E+03	2.214E+01	1.832E+01	1.209E+00	5.600E-01	4.900E-01	8.300E-01	6.000E-01	1.650E+02	1.343E+02	8.920E+01	3.556E+01	1.181E+02	1.650E+02	1.600E-01	2.000E-01	3.100E-01	8.000E-02	2.600E-01	1.600E-01
2.640E+02	8.600E+01	1.833E+01	3.227E+03	4.818E+03	2.680E+01	1.702E+01	1.575E+00	7.700E-01	4.500E-01	6.400E-01	3.700E-01	1.662E+02	1.421E+02	1.100E+02	3.419E+01	8.538E+01	1.662E+02	1.100E-01	1.200E-01	1.400E-01	1.200E-01	2.000E-01	1.100E-01
3.770E+02	8.800E+01	2.191E+01	5.507E+03	7.040E+03	2.415E+01	2.255E+01	1.071E+00	3.600E-01	6.100E-01	9.300E-01	7.800E-01	1.650E+02	1.295E+02	8.355E+01	3.374E+01	1.260E+02	1.650E+02	1.200E-01	1.600E-01	2.400E-01	1.000E-01	2.000E-01	1.200E-01
2.290E+02	8.500E+01	1.708E+01	2.607E+03	4.131E+03	2.520E+01	1.866E+01	1.350E+00	6.700E-01	4.000E-01	7.400E-01	5.700E-01	1.631E+02	1.359E+02	9.921E+01	3.437E+01	9.927E+01	1.631E+02	1.200E-01	1.300E-01	1.900E-01	1.300E-01	2.200E-01	1.200E-01
3.530E+02	8.700E+01	2.120E+01	4.989E+03	6.517E+03	2.971E+01	1.524E+01	1.949E+00	8.600E-01	5.900E-01	5.100E-01	4.300E-01	1.616E+02	1.259E+02	7.800E+01	3.408E+01	1.330E+02	1.616E+02	1.500E-01	1.900E-01	2.800E-01	1.000E-01	1.900E-01	1.500E-01
1.710E+02	7.200E+01	1.476E+01	1.682E+03	2.613E+03	2.105E+01	1.708E+01	1.232E+00	5.800E-01	4.100E-01	8.100E-01	6.700E-01	1.503E+02	1.266E+02	9.303E+01	3.468E+01	9.662E+01	1.503E+02	1.200E-01	1.200E-01	1.600E-01	1.100E-01	1.900E-01	1.200E-01
3.530E+02	9.700E+01	2.120E+01	4.989E+03	7.266E+03	2.533E+01	2.287E+01	1.108E+00	4.300E-01	4.700E-01	9.000E-01	6.400E-01	1.616E+02	1.272E+02	7.869E+01	3.469E+01	1.300E+02	1.616E+02	1.600E-01	1.700E-01	2.600E-01	9.000E-02	2.300E-01	1.600E-01
2.690E+02	7.600E+01	1.851E+01	3.319E+03	4.338E+03	2.582E+01	1.363E+01	1.894E+00	8.500E-01	5.900E-01	5.300E-01	4.500E-01	1.679E+02	1.423E+02	1.019E+02	3.688E+01	1.030E+02	1.679E+02	1.600E-01	2.200E-01	3.500E-01	1.100E-01	3.500E-01	1.600E-01
3.460E+02	8.900E+01	2.099E+01	4.841E+03	6.535E+03	2.800E+01	1.858E+01	1.507E+00	7.500E-01	5.500E-01	6.600E-01	5.400E-01	1.657E+02	1.280E+02	8.087E+01	3.284E+01	1.315E+02	1.657E+02	1.400E-01	1.900E-01	3.100E-01	8.000E-02	2.400E-01	1.400E-01
2.380E+02	8.000E+01	1.741E+01	2.762E+03	4.040E+03	2.642E+01	1.548E+01	1.707E+00	8.100E-01	4.700E-01	5.900E-01	4.000E-01	1.612E+02	1.416E+02	1.097E+02	3.753E+01	8.026E+01	1.612E+02	1.300E-01	1.400E-01	1.500E-01	1.700E-01	2.500E-01	1.300E-01
3.550E+02	8.800E+01	2.126E+01	5.032E+03	6.629E+03	2.687E+01	1.787E+01	1.504E+00	7.500E-01	5.800E-01	6.700E-01	5.400E-01	1.593E+02	1.249E+02	7.934E+01	3.385E+01	1.283E+02	1.593E+02	1.100E-01	1.500E-01	2.600E-01	8.000E-02	2.200E-01	1.100E-01
2.990E+02	8.200E+01	1.951E+01	3.889E+03	5.203E+03	3.066E+01	1.247E+01	2.459E+00	9.100E-01	5.600E-01	4.100E-01	3.300E-01	1.395E+02	1.075E+02	6.611E+01	3.339E+01	1.341E+02	1.395E+02	1.100E-01	1.500E-01	2.900E-01	1.100E-01	2.400E-01	1.100E-01
3.040E+02	8.600E+01	1.967E+01	3.987E+03	5.548E+03	2.973E+01	1.384E+01	2.148E+00	8.800E-01	5.200E-01	4.700E-01	3.800E-01	1.501E+02	1.195E+02	8.303E+01	3.261E+01	1.147E+02	1.501E+02	1.200E-01	1.700E-01	2.700E-01	1.300E-01	2.500E-01	1.200E-01
3.120E+02	8.800E+01	1.993E+01	4.146E+03	5.826E+03	3.074E+01	1.463E+01	2.101E+00	8.800E-01	5.100E-01	4.800E-01	3.600E-01	1.720E+02	1.438E+02	1.038E+02	3.482E+01	1.013E+02	1.720E+02	1.500E-01	1.800E-01	2.200E-01	1.000E-01	2.000E-01	1.500E-01
3.500E+02	8.700E+01	2.111E+01	4.926E+03	6.462E+03	2.894E+01	1.592E+01	1.818E+00	8.400E-01	5.800E-01	5.500E-01	4.400E-01	1.679E+02	1.331E+02	8.516E+01	3.476E+01	1.266E+02	1.679E+02	1.600E-01	2.100E-01	3.300E-01	1.000E-01	2.500E-01	1.600E-01
2.820E+02	8.700E+01	1.895E+01	3.562E+03	5.206E+03	3.423E+01	1.081E+01	3.167E+00	9.500E-01	4.700E-01	3.200E-01	2.700E-01	1.631E+02	1.386E+02	9.788E+01	3.683E+01	1.024E+02	1.631E+02	1.600E-01	1.900E-01	2.200E-01	1.000E-01	2.000E-01	1.600E-01
2.970E+02	8.300E+01	1.945E+01	3.850E+03	5.231E+03	2.986E+01	1.328E+01	2.248E+00	9.000E-01	5.400E-01	4.400E-01	3.800E-01	1.543E+02	1.290E+02	9.505E+01	3.461E+01	9.732E+01	1.543E+02	1.200E-01	1.300E-01	1.700E-01	1.400E-01	2.200E-01	1.200E-01
2.750E+02	7.600E+01	1.871E+01	3.431E+03	4.435E+03	2.772E+01	1.281E+01	2.164E+00	8.900E-01	6.000E-01	4.600E-01	4.000E-01	1.636E+02	1.361E+02	9.720E+01	3.492E+01	1.023E+02	1.636E+02	1.200E-01	1.200E-01	1.700E-01	1.100E-01	2.200E-01	1.200E-01
4.130E+02	9.500E+01	2.293E+01	6.314E+03	8.326E+03	3.011E+01	1.756E+01	1.715E+00	8.100E-01	5.800E-01	5.800E-01	4.600E-01	1.746E+02	1.401E+02	9.381E+01	3.418E+01	1.183E+02	1.746E+02	1.400E-01	1.700E-01	2.300E-01	1.000E-01	1.900E-01	1.400E-01
3.100E+02	9.700E+01	1.987E+01	4.106E+03	6.381E+03	2.670E+01	2.309E+01	1.156E+00	5.000E-01	4.100E-01	8.600E-01	7.000E-01	1.607E+02	1.376E+02	1.004E+02	3.665E+01	9.513E+01	1.607E+02	1.500E-01	1.600E-01	1.900E-01	1.000E-01	1.700E-01	1.500E-01
2.030E+02	7.100E+01	1.608E+01	2.176E+03	3.059E+03	2.523E+01	1.154E+01	2.186E+00	8.900E-01	5.100E-01	4.600E-01	3.700E-01	1.565E+02	1.340E+02	9.713E+01	3.668E+01	9.660E+01	1.565E+02	1.200E-01	1.400E-01	1.600E-01	1.100E-01	1.100E-01	1.200E-01
1.750E+02	6.200E+01	1.493E+01	1.741E+03	2.302E+03	2.447E+01	9.330E+00	2.623E+00	9.200E-01	5.700E-01	3.800E-01	3.500E-01	1.734E+02	1.484E+02	1.112E+02	3.572E+01	9.129E+01	1.734E+02	1.300E-01	1.400E-01	1.700E-01	1.400E-01	1.700E-01	1.300E-01
2.720E+02	7.800E+01	1.861E+01	3.375E+03	4.502E+03	2.593E+01	1.426E+01	1.818E+00	8.400E-01	5.600E-01	5.500E-01	4.300E-01	1.763E+02	1.458E+02	1.006E+02	3.525E+01	1.084E+02	1.763E+02	1.500E-01	1.500E-01	1.800E-01	1.000E-01	1.800E-01	1.500E-01
3.300E+02	8.800E+01	2.050E+01	4.510E+03	6.162E+03	3.105E+01	1.430E+01	2.171E+00	8.900E-01	5.400E-01	4.600E-01	3.600E-01	1.579E+02	1.202E+02	7.276E+01	3.321E+01	1.387E+02	1.579E+02	1.400E-01	2.000E-01	3.300E-01	1.100E-01	2.100E-01	1.400E-01
2.580E+02	8.100E+01	1.812E+01	3.117E+03	4.435E+03	2.428E+01	1.721E+01	1.411E+00	7.100E-01	4.900E-01	7.100E-01	5.400E-01	1.702E+02	1.347E+02	8.811E+01	3.338E+01	1.224E+02	1.702E+02	1.600E-01	1.600E-01	2.200E-01	1.100E-01	1.800E-01	1.600E-01
1.770E+02	8.100E+01	1.501E+01	1.771E+03	3.042E+03	2.339E+01	1.890E+01	1.238E+00	5.900E-01	3.400E-01	8.100E-01	5.300E-01	1.589E+02	1.293E+02	8.828E+01	3.472E+01	1.123E+02	1.589E+02	1.100E-01	1.200E-01	1.900E-01	1.100E-01	2.300E-01	1.100E-01
2.480E+02	8.200E+01	1.777E+01	2.938E+03	4.315E+03	2.308E+01	1.971E+01	1.171E+00	5.200E-01	4.600E-01	8.500E-01	7.600E-01	1.576E+02	1.289E+02	8.858E+01	3.473E+01	1.111E+02	1.576E+02	1.100E-01	1.300E-01	1.900E-01	1.100E-01	2.100E-01	1.100E-01
